0 0.43088552915766737 0.4513239875389408 0.011879049676025918 0.02570093457943925
0 0.34701223902087835 0.4513239875389408 0.011879049676025918 0.02570093457943925
0 0.3052555795536357 0.4513239875389408 0.011879049676025918 0.02570093457943925
0 0.38894888408927286 0.4513239875389408 0.011879049676025918 0.02570093457943925
0 0.43070554355651547 0.3839563862928349 0.012239020878329733 0.02570093457943925
0 0.34719222462203025 0.3839563862928349 0.012239020878329733 0.02570093457943925
0 0.38930885529157666 0.3839563862928349 0.012239020878329733 0.0264797507788162
0 0.3052555795536357 0.3839563862928349 0.012239020878329733 0.02570093457943925
11 0.2341612670986321 0.30257009345794394 0.00755939524838013 0.00778816199376947
0 0.5980921526277898 0.45093457943925236 0.011879049676025918 0.02570093457943925
0 0.48326133909287255 0.4513239875389408 0.012239020878329733 0.02570093457943925
0 0.5460763138948884 0.4513239875389408 0.012239020878329733 0.0264797507788162
0 0.48308135349172066 0.3839563862928349 0.012239020878329733 0.0264797507788162
3 0.683585313174946 0.34190031152647976 0.0064794816414686825 0.014018691588785047
3 0.683585313174946 0.40965732087227413 0.006119510439164867 0.0132398753894081
0 0.5458963282937365 0.3835669781931464 0.012239020878329733 0.02570093457943925
3 0.6832793376529878 0.2740264797507788 0.007203023758099431 0.015397196261682228
0 0.5982721382289417 0.3835669781931464 0.012239020878329733 0.02570093457943925
3 0.6835709143268539 0.2287461059190031 0.00711663066954643 0.016176012461059177
3 0.6835385169186464 0.18381619937694704 0.00802375809935204 0.017406542056074784
3 0.683585313174946 0.4782242990654205 0.006969042476601918 0.017476635514018735
11 0.6295896328293736 0.316588785046729 0.007919366450683946 0.014797507788161994
3 0.6832469402447804 0.13883177570093458 0.006695464362850939 0.016939252336448597
3 0.7777177825773938 0.2737538940809969 0.005759539236861051 0.014018691588785047
3 0.7464002879769619 0.13862928348909656 0.006119510439164867 0.014797507788161994
3 0.7777177825773938 0.22897196261682243 0.006119510439164867 0.014018691588785047
11 0.8075953923686106 0.3161993769470405 0.006119510439164867 0.012461059190031152
3 0.7458675305975522 0.3406386292834891 0.007188624910007291 0.01732087227414331
3 0.7777177825773938 0.13901869158878505 0.006119510439164867 0.014797507788161994
3 0.7464002879769619 0.27414330218068533 0.006119510439164867 0.0132398753894081
3 0.7150827933765299 0.13862928348909656 0.006119510439164867 0.014797507788161994
3 0.7774118070554356 0.341791277258567 0.006727861771058171 0.015007788161993755
3 0.7464002879769619 0.4092679127725857 0.006119510439164867 0.0132398753894081
3 0.7465190784737221 0.47753894080996884 0.008178545716342784 0.017943925233644832
3 0.8094672426205903 0.18365264797507788 0.007203023758099431 0.015459501557632416
3 0.714902807775378 0.40965732087227413 0.005759539236861051 0.0132398753894081
3 0.8096328293736501 0.40973520249221185 0.008534917206623483 0.017897196261682256
3 0.8094096472282217 0.13851246105919002 0.00731461483081343 0.01521806853582556
3 0.7150827933765299 0.34190031152647976 0.006119510439164867 0.014018691588785047
3 0.8092620590352773 0.2203348909657321 0.006562275017998403 0.01753115264797507
3 0.7463282937365011 0.1834190031152648 0.0076457883369329665 0.017079439252336456
3 0.7148200143988481 0.22876947040498444 0.0077573794096472935 0.01660436137071655
3 0.7146688264938804 0.2740264797507788 0.006756659467242614 0.015101246105918993
3 0.7147228221742261 0.47728193146417447 0.007087832973362151 0.017943925233644832
3 0.8091036717062635 0.34215732087227413 0.007120230381569383 0.01651090342679131
3 0.7462526997840173 0.2289252336448598 0.00742260619150464 0.016487538940809936
3 0.7777609791216702 0.18416666666666667 0.006868250539956777 0.01714953271028036
3 0.21238300935925125 0.8859034267912772 0.005759539236861051 0.014018691588785047
3 0.19150467962562995 0.8851246105919003 0.005759539236861051 0.014018691588785047
3 0.21249820014398849 0.8399532710280374 0.006915046796256313 0.01602024922118393
3 0.1917854571634269 0.841113707165109 0.006324694024478019 0.015568535825545002
3 0.17103311735061194 0.8403582554517134 0.006573074154067672 0.01560747663551399
0 0.37868970482361414 0.8364485981308412 0.012239020878329733 0.02570093457943925
0 0.32631389488840895 0.610202492211838 0.011879049676025918 0.02570093457943925
0 0.3054355651547876 0.610202492211838 0.011879049676025918 0.0264797507788162
0 0.31569474442044637 0.881619937694704 0.011879049676025918 0.0264797507788162
0 0.37868970482361414 0.9045950155763239 0.012239020878329733 0.0264797507788162
0 0.43088552915766737 0.9049844236760125 0.012239020878329733 0.0264797507788162
0 0.4521238300935925 0.610202492211838 0.011879049676025918 0.0264797507788162
0 0.42044636429085674 0.610202492211838 0.011519078473722102 0.024922118380062305
0 0.419906407487401 0.7461059190031153 0.011879049676025918 0.02570093457943925
0 0.3050755939524838 0.7912772585669782 0.011879049676025918 0.0264797507788162
0 0.42026637868970484 0.6779595015576324 0.011519078473722102 0.024922118380062305
0 0.4519438444924406 0.7461059190031153 0.012239020878329733 0.027258566978193146
0 0.3052555795536357 0.677570093457944 0.011879049676025918 0.0264797507788162
11 0.38876889848812096 0.5186915887850467 0.009359251259899209 0.01557632398753894
0 0.431130309575234 0.8356697819314641 0.012239020878329733 0.02570093457943925
0 0.3369330453563715 0.7912772585669782 0.011879049676025918 0.0264797507788162
0 0.4521238300935925 0.6779595015576324 0.012239020878329733 0.0264797507788162
0 0.3367530597552196 0.6779595015576324 0.011879049676025918 0.0264797507788162
15 0.23326133909287258 0.8851246105919003 0.005759539236861051 0.0132398753894081
3 0.23385169186465082 0.8409813084112149 0.006936645068394522 0.015288161993769556
11 0.27393808495320376 0.5179127725856698 0.007199424046076314 0.017133956386292833
11 0.25305975521958246 0.9042056074766355 0.005759539236861051 0.0132398753894081
3 0.2334701223902088 0.8856386292834891 0.0061771058315335066 0.015038940809968804
0 0.48326133909287255 0.9045950155763239 0.012239020878329733 0.0264797507788162
0 0.48308135349172066 0.610202492211838 0.01259899208063355 0.0264797507788162
0 0.48272138228941686 0.7461059190031153 0.01259899208063355 0.027258566978193146
0 0.48308135349172066 0.8360591900311527 0.012239020878329733 0.0264797507788162
11 0.6286897048236141 0.5190809968847352 0.008639308855291577 0.02102803738317757
11 0.6297696184305256 0.7453271028037384 0.010079193664506839 0.020249221183800622
0 0.48308135349172066 0.6783489096573209 0.012239020878329733 0.027258566978193146
0 0.6927177825773938 0.5420560747663551 0.01197264218862499 0.0264797507788162
3 0.7460367170626349 0.5224532710280374 0.007573794096472269 0.01663551401869151
3 0.8091648668106552 0.5234267912772586 0.00731461483081343 0.016604361370716463
3 0.7776889848812095 0.5235046728971963 0.007285817134629151 0.017710280373831783
13 0.2217098632109431 0.7598364485981308 0.09601151907847373 0.01913551401869154
13 0.270662347012239 0.8471495327102804 0.009474442044636407 0.0987071651090341
13 0.2224406047516199 0.6484190031152648 0.09769618430525559 0.021892523364485904
13 0.2212706983441325 0.5355763239875388 0.09535997120230384 0.028629283489096567
13 0.2222462203023758 0.4227336448598131 0.0980849532037437 0.026947040498442296
13 0.3174082073434125 0.5351557632398753 0.05799496040316779 0.02610591900311525
13 0.41062634989200864 0.5351557632398753 0.057606191504679695 0.01936915887850459
13 0.5052087832973362 0.5330451713395639 0.05682505399568039 0.021892523364485904
13 0.5984269258459324 0.5326246105919002 0.05332253419726426 0.01936915887850459
13 0.6379337652987761 0.6210514018691589 0.008563714902807763 0.09852803738317756
13 0.6381281497480201 0.8025233644859814 0.00973002159827221 0.09768691588785043
13 0.6377393808495321 0.41557632398753896 0.008174946004319667 0.09683800623052957
13 0.6379337652987761 0.22610591900311525 0.008563714902807763 0.21473520249221187
13 0.5855831533477321 0.22357476635514018 0.008952483801295857 0.21641744548286604
13 0.5329949604031677 0.22315420560747662 0.009038876889848857 0.21221183800623056
13 0.4810583153347733 0.22583333333333336 0.009074874010079207 0.21133956386292835
13 0.4289740820734341 0.22489875389408098 0.008642908567314693 0.21040498442367608
13 0.37635349172066235 0.22489875389408098 0.008426925845932272 0.21133956386292835
13 0.32383729301655867 0.22443146417445484 0.008858891288696867 0.210404984423676
13 0.27175665946724264 0.22466510903426792 0.008426925845932355 0.21087227414330217
13 0.2070014398848092 0.31052959501557637 0.06891288696904249 0.026908099688473484
17 0.7634989200863931 0.46934579439252333 0.009064074874010184 0.024408099688473458
17 0.7788048956083513 0.47043613707165105 0.009064074874010184 0.02483644859813092
17 0.7940136789056875 0.47043613707165105 0.009265658747300138 0.025708722741433016
17 0.8094240460763139 0.47021806853582554 0.009467242620590418 0.025272585669781966
3 0.7149820014398848 0.18353582554517134 0.0067674586033118 0.01704828660436136
3 0.7777501799856013 0.4098286604361371 0.007167026637868918 0.016495327102803787