0 0.16378472222222223 0.26522156084656084 0.03348710317460317 0.031319444444444455
0 0.16710317460317461 0.3629298941798942 0.03386656746031745 0.029064153439153396
4 0.22034474206349206 0.3656283068783069 0.023613591269841278 0.013449074074074098
0 0.2758829365079365 0.3637003968253968 0.027217261904761852 0.027559523809523857
8 0.2742311507936508 0.27132936507936506 0.028373015873015897 0.026455026455026454
11 0.30344742063492064 0.2700066137566138 0.009424603174603174 0.013227513227513227
15 0.3179613095238095 0.2800033068783069 0.01340029761904767 0.028951719576719562
4 0.4178645833333333 0.4056216931216931 0.02189732142857142 0.01389550264550264
0 0.37781994047619044 0.3629298941798942 0.027462797619047623 0.026455026455026454
0 0.48046626984126983 0.36491402116402116 0.02789186507936509 0.02513227513227513
15 0.5690749007936509 0.4209755291005291 0.013891369047619102 0.01787367724867731
0 0.5593998015873016 0.38525132275132273 0.018849206349206348 0.026124338624338623
3 0.6268700396825396 0.36168320105820106 0.010399305555555629 0.015036375661375596
0 0.7787698412698413 0.35896164021164023 0.019097222222222224 0.02513227513227513
10 0.6762772817460317 0.36052248677248677 0.014754464285714232 0.014408068783068837
4 0.8363293650793651 0.3874768518518519 0.02087549603174605 0.013710317460317473
0 0.8453621031746031 0.35912698412698413 0.01711309523809524 0.02546296296296296
0 0.17026785714285714 0.4593055555555556 0.03381448412698411 0.028320105820105777
0 0.30753968253968256 0.5241402116402116 0.018353174603174604 0.025793650793650792
0 0.16748511904761904 0.5299900793650794 0.024474206349206364 0.02757605820105816
4 0.20334573412698412 0.5624371693121692 0.024193948412698403 0.015509259259259289
0 0.2234623015873016 0.5259589947089947 0.01984126984126984 0.02513227513227513
0 0.27467757936507936 0.45552248677248675 0.018849206349206348 0.026124338624338623
0 0.1705902777777778 0.6004265873015873 0.02272817460317463 0.02790674603174599
0 0.30786458333333333 0.5922420634920635 0.01820188492063489 0.02649801587301591
0 0.39360119047619047 0.5228174603174603 0.018849206349206348 0.02546296296296296
0 0.3942212301587302 0.5906084656084656 0.018849206349206348 0.026124338624338623
8 0.37868551587301585 0.4546957671957672 0.02671626984126979 0.025793650793650792
0 0.48121031746031745 0.4546660052910053 0.028209325396825344 0.025820105820105795
0 0.4773189484126984 0.5866402116402116 0.02062003968253965 0.02414021164021164
0 0.4771949404761905 0.5201719576719577 0.017881944444444423 0.02414021164021164
8 0.5806299603174603 0.4523809523809524 0.027579365079365033 0.02546296296296296
14 0.6086160714285714 0.5200066137566137 0.01782738095238098 0.017526455026455025
14 0.6083308531746031 0.5583994708994708 0.018874007936508026 0.019133597883597926
0 0.560515873015873 0.5868055555555556 0.018353174603174604 0.025793650793650792
0 0.5600198412698413 0.5200066137566137 0.018601190476190476 0.0248015873015873
2 0.5121527777777778 0.4165376984126984 0.011904761904761904 0.030677910052910047
3 0.6419915674603175 0.5282936507936508 0.016024305555555476 0.017817460317460353
4 0.6806349206349207 0.553396164021164 0.0105059523809523 0.02250661375661374
3 0.6853174603174603 0.5271031746031746 0.014146825396825389 0.015889550264550325
10 0.6766567460317461 0.44997354497354497 0.015198412698412635 0.014454365079365091
3 0.766624503968254 0.5676256613756614 0.015642361111111037 0.013227513227513227
9 0.8481994047619048 0.5415013227513228 0.018819444444444472 0.012566137566137565
0 0.8458581349206349 0.5181878306878307 0.01636904761904762 0.025793650793650792
0 0.8454861111111112 0.4494047619047619 0.016865079365079364 0.02513227513227513
14 0.6086185515873015 0.5391369047619047 0.020910218253968355 0.01725529100529095
14 0.572609126984127 0.5041104497354497 0.016795634920634985 0.02285052910052907
14 0.48828621031746033 0.5061673280423281 0.02022321428571428 0.023310185185185114
14 0.4053348214285714 0.5063955026455026 0.02228174603174607 0.025595238095238126
14 0.3013020833333333 0.5054828042328042 0.026736111111111155 0.013710317460317473
14 0.2080654761904762 0.5068518518518519 0.017824900793650823 0.021025132275132252
14 0.7486259920634921 0.47623015873015867 0.016453373015873053 0.021937830687830735
14 0.7623363095238095 0.4753174603174603 0.013710317460317397 0.020109126984126965
14 0.7753621031746032 0.4753174603174603 0.014397321428571473 0.023766534391534356
14 0.7894146825396826 0.4755456349206349 0.012338789682539682 0.022394179894179828
3 0.6298189484126984 0.4067824074074074 0.01541666666666663 0.017903439153439112
3 0.6295684523809524 0.4508763227513228 0.013923611111111192 0.014586640211640254
3 0.6785515873015873 0.4061210317460317 0.013427579365079446 0.02188161375661378
3 0.7300223214285714 0.36136574074074074 0.014918154761904672 0.018564814814814774
3 0.7297743055555556 0.40446428571428567 0.01541666666666663 0.015912698412698375
3 0.7277852182539682 0.44921957671957674 0.010443948412698332 0.013925264550264592
11 0.7102058531746033 0.3187797619047619 0.016907242063492083 0.017903439153439185
11 0.5253869047619047 0.45452380952380955 0.014422123015872926 0.023207671957671903
3 0.731264880952381 0.5287863756613757 0.01740575396825404 0.019229497354497384
3 0.7320114087301587 0.5798412698412698 0.014918154761904672 0.020555555555555508
3 0.6845188492063492 0.5781812169312169 0.014422123015872926 0.01723875661375665
3 0.6434945436507937 0.5798412698412698 0.013923611111111192 0.020555555555555508
0 0.8458903769841271 0.5858068783068783 0.01989087301587297 0.02983796296296297
17 0.8080977182539683 0.3272156084656085 0.018896329365079265 0.02453373015873018
17 0.8105828373015873 0.36998346560846557 0.016907242063492083 0.027847222222222235
11 0.8140649801587302 0.4498809523809524 0.01989087301587297 0.025859788359788298
8 0.7792534722222222 0.4495502645502646 0.01989087301587297 0.02652116402116396
16 0.5526686507936508 0.4161937830687831 0.018896329365079265 0.027222222222222276
3 0.7658258928571429 0.5214914021164021 0.013923611111111192 0.017903439153439112
0 0.22572420634920634 0.5928108465608466 0.02333581349206347 0.028971560846560888
14 0.7334771825396825 0.3170568783068783 0.01264632936507931 0.025892857142857127
10 0.7581076388888889 0.6100628306878306 0.012750496031745997 0.009563492063492088