16 0.12706983441324693 0.13161993769470404 0.01511879049676026 0.01791277258566978
16 0.15406767458603313 0.14602803738317757 0.015478761699064075 0.017133956386292833
16 0.2082433405327574 0.38006230529595014 0.01511879049676026 0.01791277258566978
16 0.11357091432685386 0.21884735202492211 0.01511879049676026 0.018691588785046728
16 0.12706983441324693 0.4680685358255452 0.01511879049676026 0.01791277258566978
16 0.1810655147588193 0.16004672897196262 0.015478761699064075 0.017133956386292833
16 0.2082433405327574 0.2916666666666667 0.01511879049676026 0.01791277258566978
16 0.12724982001439886 0.24805295950155765 0.01511879049676026 0.01791277258566978
16 0.22210223182145428 0.21845794392523366 0.01511879049676026 0.01791277258566978
16 0.12724982001439886 0.15965732087227413 0.01511879049676026 0.01791277258566978
16 0.22210223182145428 0.16043613707165108 0.01511879049676026 0.01791277258566978
16 0.11357091432685386 0.38006230529595014 0.01511879049676026 0.01791277258566978
16 0.1810655147588193 0.10124610591900311 0.01511879049676026 0.018691588785046728
16 0.1812455003599712 0.21884735202492211 0.015478761699064075 0.017133956386292833
16 0.1812455003599712 0.3212616822429907 0.015478761699064075 0.017133956386292833
16 0.11339092872570194 0.27764797507788164 0.01511879049676026 0.01791277258566978
16 0.2222822174226062 0.10124610591900311 0.01511879049676026 0.01791277258566978
16 0.18142548596112312 0.27686915887850466 0.01511879049676026 0.017133956386292833
16 0.11339092872570194 0.43886292834890966 0.014758819294456443 0.018691588785046728
16 0.12724982001439886 0.35046728971962615 0.014758819294456443 0.018691588785046728
16 0.11357091432685386 0.3204828660436137 0.01511879049676026 0.01791277258566978
16 0.11357091432685386 0.4929906542056075 0.01511879049676026 0.010124610591900311
7 0.15424766018718503 0.4384735202492212 0.004319654427645789 0.009345794392523364
5 0.19114470842332612 0.42406542056074764 0.008639308855291577 0.018691588785046728
7 0.15406767458603313 0.39485981308411217 0.004319654427645789 0.009345794392523364
7 0.15424766018718503 0.48208722741433024 0.004319654427645789 0.009345794392523364
16 0.2291216702663787 0.38006230529595014 0.0025197984161267097 0.01791277258566978
7 0.1949244060475162 0.39485981308411217 0.003959683225341973 0.009345794392523364
5 0.19834413246940244 0.4824766355140187 0.007199424046076314 0.01791277258566978
7 0.17368610511159108 0.40965732087227413 0.004319654427645789 0.008566978193146417
7 0.17355291576673865 0.42912772585669784 0.004319654427645789 0.009345794392523364
16 0.26223902087832973 0.21845794392523366 0.01511879049676026 0.018691588785046728
16 0.24856011519078475 0.3352803738317757 0.015478761699064075 0.01791277258566978
16 0.26205903527717783 0.16043613707165108 0.01511879049676026 0.01791277258566978
16 0.26259899208063353 0.10163551401869159 0.014758819294456443 0.01791277258566978
16 0.24892008639308855 0.27686915887850466 0.015478761699064075 0.01791277258566978
16 0.23650107991360692 0.3796728971962617 0.012239020878329733 0.018691588785046728
16 0.23686105111591071 0.49338006230529596 0.01259899208063355 0.010124610591900311
16 0.11357091432685386 0.5408878504672897 0.01511879049676026 0.01791277258566978
16 0.12742980561555076 0.7468847352024922 0.01511879049676026 0.01791277258566978
16 0.16792656587473 0.7612928348909658 0.01511879049676026 0.017133956386292833
16 0.11357091432685386 0.7172897196261683 0.015478761699064075 0.01791277258566978
16 0.1812455003599712 0.6440809968847352 0.01511879049676026 0.01791277258566978
16 0.2082433405327574 0.7612928348909658 0.01511879049676026 0.017133956386292833
16 0.18142548596112312 0.8637071651090342 0.01511879049676026 0.01791277258566978
16 0.18142548596112312 0.8204828660436138 0.01511879049676026 0.01791277258566978
16 0.22174226061915048 0.5264797507788161 0.01511879049676026 0.01791277258566978
16 0.15442764578833693 0.8341121495327103 0.015478761699064075 0.017133956386292833
16 0.11357091432685386 0.6584890965732088 0.01511879049676026 0.01791277258566978
16 0.22210223182145428 0.6004672897196262 0.015478761699064075 0.01791277258566978
16 0.18142548596112312 0.6004672897196262 0.015478761699064075 0.01791277258566978
16 0.2084233261339093 0.8637071651090342 0.01511879049676026 0.01791277258566978
16 0.2082433405327574 0.8204828660436138 0.015478761699064075 0.01791277258566978
16 0.11375089992800576 0.6004672897196262 0.014758819294456443 0.01791277258566978
16 0.22210223182145428 0.6440809968847352 0.01511879049676026 0.01791277258566978
16 0.16810655147588194 0.7180685358255452 0.01511879049676026 0.01791277258566978
16 0.12742980561555076 0.5708722741433022 0.01511879049676026 0.01791277258566978
16 0.2084233261339093 0.7180685358255452 0.014758819294456443 0.01791277258566978
16 0.12724982001439886 0.6880841121495327 0.01511879049676026 0.01791277258566978
16 0.12724982001439886 0.8204828660436138 0.015478761699064075 0.01791277258566978
16 0.11357091432685386 0.5023364485981309 0.01511879049676026 0.00778816199376947
7 0.1538876889848812 0.5700934579439252 0.004319654427645789 0.008566978193146417
7 0.15406767458603313 0.5264797507788161 0.004319654427645789 0.008566978193146417
5 0.1978041756659467 0.5120716510903427 0.00827933765298776 0.018691588785046728
16 0.2291216702663787 0.8492990654205608 0.0025197984161267097 0.018691588785046728
16 0.1535277177825774 0.756619937694704 0.0021598272138228943 0.00778816199376947
16 0.1535277177825774 0.7227414330218068 0.0021598272138228943 0.007009345794392523
7 0.17368610511159108 0.508177570093458 0.003959683225341973 0.010124610591900311
16 0.3167746580273578 0.8788940809968847 0.014758819294456443 0.01791277258566978
16 0.37113030957523396 0.8489096573208723 0.015478761699064075 0.01791277258566978
16 0.3714902807775378 0.6440809968847352 0.01511879049676026 0.017133956386292833
16 0.37131029517638586 0.6008566978193146 0.01511879049676026 0.01791277258566978
16 0.4116270698344133 0.7612928348909658 0.01511879049676026 0.01791277258566978
16 0.3304535637149028 0.6436915887850467 0.01511879049676026 0.017133956386292833
16 0.3302735781137509 0.6004672897196262 0.01511879049676026 0.01791277258566978
16 0.43862491000719944 0.8785046728971962 0.01511879049676026 0.01791277258566978
16 0.3714902807775378 0.7176791277258567 0.01511879049676026 0.017133956386292833
16 0.28977681785457166 0.5996884735202492 0.01511879049676026 0.01791277258566978
16 0.3169546436285097 0.8204828660436138 0.01511879049676026 0.01791277258566978
16 0.4118070554355652 0.7180685358255452 0.01511879049676026 0.018691588785046728
16 0.42512598992080636 0.8492990654205608 0.01511879049676026 0.01791277258566978
16 0.2760979121670266 0.8489096573208723 0.01511879049676026 0.01791277258566978
16 0.4523038156947444 0.7768691588785047 0.014758819294456443 0.01791277258566978
16 0.28977681785457166 0.6436915887850467 0.01511879049676026 0.017133956386292833
16 0.24928005759539237 0.6008566978193146 0.015478761699064075 0.01791277258566978
16 0.3306335493160547 0.7609034267912772 0.015478761699064075 0.017133956386292833
16 0.43898488120950324 0.6008566978193146 0.01511879049676026 0.01791277258566978
16 0.24928005759539237 0.6436915887850467 0.01511879049676026 0.017133956386292833
16 0.28977681785457166 0.8208722741433022 0.01511879049676026 0.01791277258566978
16 0.3983081353491721 0.6440809968847352 0.01511879049676026 0.017133956386292833
16 0.384809215262779 0.8208722741433022 0.01511879049676026 0.01791277258566978
16 0.39812814974802013 0.6008566978193146 0.015478761699064075 0.01791277258566978
16 0.43880489560835134 0.8200934579439252 0.015478761699064075 0.01791277258566978
16 0.384809215262779 0.8788940809968847 0.01511879049676026 0.01791277258566978
16 0.43898488120950324 0.6440809968847352 0.014758819294456443 0.017133956386292833
16 0.3309935205183585 0.8489096573208723 0.015478761699064075 0.01791277258566978
16 0.3308135349172066 0.7180685358255452 0.01511879049676026 0.017133956386292833
16 0.37113030957523396 0.7616822429906542 0.01511879049676026 0.017133956386292833
16 0.28977681785457166 0.8788940809968847 0.014758819294456443 0.01791277258566978
16 0.28995680345572356 0.7612928348909658 0.01511879049676026 0.01791277258566978
16 0.24892008639308855 0.7605140186915887 0.01511879049676026 0.01791277258566978
16 0.24910007199424047 0.7184579439252337 0.015478761699064075 0.01791277258566978
16 0.28995680345572356 0.7180685358255452 0.015478761699064075 0.017133956386292833
16 0.23668106551475881 0.8485202492211839 0.01259899208063355 0.01791277258566978
16 0.23686105111591071 0.5023364485981309 0.012958963282937365 0.00778816199376947
16 0.5759539236861051 0.6596573208722741 0.014758819294456443 0.018691588785046728
16 0.6301295896328294 0.6292834890965732 0.014758819294456443 0.01791277258566978
16 0.6303095752339812 0.8492990654205608 0.015478761699064075 0.01791277258566978
16 0.589812814974802 0.6296728971962616 0.014758819294456443 0.01791277258566978
16 0.6031317494600432 0.8637071651090342 0.01511879049676026 0.01791277258566978
16 0.5896328293736501 0.6736760124610592 0.01511879049676026 0.01791277258566978
16 0.5763138948884089 0.8496884735202492 0.015478761699064075 0.017133956386292833
16 0.6033117350611951 0.8204828660436138 0.01511879049676026 0.01791277258566978
16 0.5759539236861051 0.7324766355140186 0.015478761699064075 0.01791277258566978
16 0.6303095752339812 0.6876947040498442 0.015478761699064075 0.01791277258566978
6 0.6303095752339812 0.7468847352024922 0.01583873290136789 0.01791277258566978
6 0.48020158387329015 0.8570872274143302 0.00827933765298776 0.03271028037383177
6 0.5340172786177105 0.8574766355140186 0.00827933765298776 0.03271028037383177
6 0.49334053275737944 0.8570872274143302 0.008639308855291577 0.03271028037383177
6 0.5208783297336214 0.8570872274143302 0.00827933765298776 0.03271028037383177
7 0.5071994240460763 0.6226635514018691 0.004679625629949604 0.009345794392523364
7 0.5151187904967602 0.9458722741433022 0.004679625629949604 0.009345794392523364
7 0.5619150467962563 0.7686915887850467 0.004679625629949604 0.009345794392523364
7 0.57829373650108 0.7686915887850467 0.004679625629949604 0.008566978193146417
7 0.5070194384449244 0.6561526479750779 0.004679625629949604 0.009345794392523364
7 0.4719222462203024 0.9248442367601246 0.005039596832253419 0.009345794392523364
6 0.5070194384449244 0.8563084112149533 0.008639308855291577 0.03348909657320872
7 0.5419366450683946 0.9244548286604362 0.005039596832253419 0.009345794392523364
7 0.5068394528437725 0.6915887850467289 0.004679625629949604 0.008566978193146417
7 0.5305975521958244 0.9365264797507789 0.004319654427645789 0.008566978193146417
7 0.46940244780417567 0.7686915887850467 0.004679625629949604 0.009345794392523364
7 0.47441684665226785 0.595 0.00456803455723544 0.01426791277258562
7 0.47454283657307417 0.6109190031152648 0.004820014398848047 0.010981308411214882
7 0.47441684665226785 0.6246417445482866 0.006087113030957471 0.01207943925233644
7 0.47441684665226785 0.6397352024922118 0.00558315334773226 0.01152647975077878
7 0.4697228221742261 0.7190498442367601 0.006342692584593193 0.008785046728971941
7 0.46997840172786176 0.7689953271028037 0.0058351331893448655 0.0098831775700935
7 0.5438048956083513 0.7700934579439253 0.004820014398848047 0.010981308411214882
7 0.543678905687545 0.7190498442367601 0.005075593952483769 0.010981308411214882
7 0.5614362850971922 0.7676246105919003 0.006087113030957471 0.010428348909657398
7 0.578308135349172 0.7692679127725857 0.004820014398848047 0.010428348909657398
7 0.5402519798416127 0.6397352024922118 0.006342692584593193 0.01262461059190034
7 0.5398704103671707 0.5960981308411215 0.006087113030957471 0.01207943925233644
7 0.5402519798416127 0.6103660436137072 0.0058351331893448655 0.013169781931464238
7 0.5398704103671707 0.6243613707165109 0.006087113030957471 0.01152647975077878
7 0.5073974082073434 0.58648753894081 0.006594672426205962 0.01262461059190034
7 0.5076529877609791 0.6221651090342679 0.00558315334773226 0.00933021806853584
7 0.5072714182865371 0.655373831775701 0.004820014398848047 0.010981308411214882
7 0.5071454283657307 0.6913317757009345 0.005075593952483769 0.010428348909657398
7 0.5424082073434126 0.9240576323987539 0.00558315334773226 0.011526479750778957
7 0.5307379409647228 0.9364096573208722 0.00558315334773226 0.010981308411214882
7 0.5150107991360692 0.9446417445482866 0.00558315334773226 0.01207943925233662
7 0.4999136069114471 0.9460124610591901 0.005327573794096538 0.01262461059190034
7 0.4838048956083513 0.9366822429906543 0.006087113030957471 0.00933021806853584
7 0.4721346292296616 0.9240576323987539 0.00456803455723544 0.011526479750778957
7 0.17383369330453566 0.5269080996884735 0.003833693304535629 0.009719626168224313
7 0.19484521238300934 0.5261915887850467 0.0038336933045356697 0.010007788161993698
7 0.19510799136069115 0.4828816199376947 0.0051547876169906175 0.010295950155763262
7 0.17389848812095032 0.46844236760124613 0.0055507559395248235 0.011721183800623017