1 0.8517278617710583 0.05654984423676013 0.021735061195104433 0.046651090342679134
1 0.8507487401007919 0.05567757009345794 0.0216558675305975 0.046939252336448606
1 0.8510151187904967 0.05765576323987539 0.021785457163427082 0.047554517133956385
0 0.40231101511879047 0.3835669781931464 0.015565154787616912 0.03348909657320872
16 0.4687940964722822 0.38597352024922116 0.015338372930165633 0.03362928348909654
0 0.5357487401007919 0.24221183800623053 0.015338372930165633 0.03426791277258567
0 0.5359215262778978 0.3870716510903427 0.014971202303815746 0.03582554517133956
0 0.46864290856731466 0.24095794392523365 0.015885529157667427 0.03436915887850467
0 0.4691468682505399 0.3846573208722741 0.01622390208783303 0.0365654205607477
0 0.5888012958963283 0.24022585669781932 0.01622390208783303 0.03583333333333333
0 0.5884629229661628 0.3846573208722741 0.01825053995680339 0.0365654205607477
0 0.40205543556515483 0.23985981308411217 0.0179157667386609 0.03510124610591904
0 0.49500719942404614 0.49837227414330215 0.015885529157667427 0.03583333333333333
0 0.4956803455723542 0.5846651090342679 0.015885529157667427 0.03729750778816207
0 0.5614218862491002 0.49873831775700933 0.01690064794816408 0.0365654205607477
0 0.5624370050395968 0.585031152647975 0.01622390208783303 0.0365654205607477
0 0.6288552915766739 0.4980062305295951 0.01656227501799864 0.03510124610591896
0 0.6288552915766739 0.5842990654205608 0.017239020878329687 0.0365654205607477
0 0.6952735781137509 0.5005685358255452 0.01622390208783303 0.03729750778816207
0 0.6959503239740821 0.4139096573208723 0.01622390208783303 0.0365654205607477
0 0.7620302375809935 0.4131775700934579 0.015885529157667427 0.035101246105919
0 0.7625341972642189 0.4994704049844237 0.016223902087832868 0.03510124610591896
0 0.8156011519078473 0.41354361370716514 0.016223902087832868 0.03729750778816203
0 0.8690064794816414 0.4139096573208723 0.016223902087832868 0.035101246105919
0 0.8823578113750901 0.3276168224299066 0.015885529157667427 0.0365654205607477
0 0.8424730021598271 0.32725077881619935 0.01723902087832985 0.03583333333333333
0 0.8558243340532757 0.2117056074766355 0.015547156227501656 0.03729750778816198
0 0.8558243340532757 0.12468068535825545 0.016223902087832868 0.03436915887850467
0 0.8156011519078473 0.12432242990654205 0.015547156227501656 0.03656542056074766
0 0.7624226061915047 0.1537227414330218 0.01812455003599725 0.03653426791277256
0 0.6952843772498201 0.1537227414330218 0.016475881929445636 0.03653426791277256
0 0.6425593952483801 0.15417445482866043 0.018124550035997087 0.0392133956386293
0 0.5756263498920086 0.12521028037383178 0.016886249100071943 0.0365342679127726
0 0.5080741540676746 0.12521028037383178 0.01853491720662339 0.0365342679127726
0 0.44217062634989196 0.1229828660436137 0.016886249100071943 0.0392133956386293
0 0.3756515478761699 0.12431464174454829 0.017300215982721363 0.03831775700934579
0 0.30912886969042475 0.12565420560747664 0.016886249100072023 0.03564641744548285
0 0.255377969762419 0.12521028037383178 0.016475881929445636 0.03831775700934579
3 0.035010799136069116 0.30388629283489094 0.011533477321814253 0.026736760124610622
3 0.0354247660187185 0.37606697819314644 0.010709143268538517 0.026736760124610622
3 0.03521598272138229 0.4767679127725856 0.010298776097912162 0.024953271028037356
3 0.10297336213102952 0.47588006230529595 0.012357811375090007 0.024953271028037356
3 0.10317854571634269 0.37473520249221187 0.011119510439164862 0.029408099688473514
3 0.08032037437005039 0.3016588785046729 0.010709143268538517 0.025841121495327062
3 0.12542116630669548 0.30433021806853583 0.011119510439164862 0.02762461059190033
3 0.17093592512598993 0.30254672897196266 0.009884809215262792 0.025841121495327062
3 0.20327213822894172 0.18714174454828658 0.01029877609791213 0.02852024922118378
3 0.1363390928725702 0.18625389408099688 0.011533477321814242 0.02852024922118378
3 0.06961123110151188 0.18625389408099688 0.011533477321814263 0.02852024922118378
3 0.00453203743700504 0.18669781931464174 0.009060475161987042 0.02762461059190029
11 0.11079913606911447 0.5039485981308411 0.010709143268538517 0.022281931464174377
11 0.4421238300935925 0.9648364485981308 0.007656587473002153 0.013800623052959345
11 0.4290424766018719 0.39338785046728975 0.014672426205903605 0.027609034267912808
11 0.22807775377969763 0.2988395638629283 0.010845932325414006 0.020700934579439285
17 0.04912526997840173 0.11940031152647976 0.02551835853131749 0.04555295950155764
17 0.08293736501079914 0.11801401869158878 0.024244060475161974 0.04555295950155764
17 0.11930165586753061 0.12008566978193146 0.02551835853131749 0.04968847352024923
17 0.1553491720662347 0.11870716510903426 0.02615910727141827 0.04416666666666666
0 0.2692296616270698 0.2401713395638629 0.016587473002159802 0.03864485981308412
0 0.3358999280057595 0.24086448598130838 0.017224622030237547 0.04003115264797506
0 0.3358999280057595 0.38648753894080995 0.018502519798416158 0.03864485981308407
0 0.2692296616270698 0.38510903426791276 0.019139668826493907 0.04140965732087229
3 0.21723182145428366 0.41340342679127723 0.012120230381569501 0.02898753894080999
3 0.21787257019438444 0.503816199376947 0.01339812814974803 0.0331308411214953
3 0.2169150467962563 0.5873208722741433 0.012760979121670282 0.031744548286604356
3 0.283585313174946 0.5583333333333333 0.01339812814974803 0.031744548286604356
3 0.283585313174946 0.4713785046728972 0.012120230381569501 0.02898753894080999
3 0.4268106551475882 0.4658566978193146 0.0127609791216702 0.03450934579439248
3 0.4293628509719222 0.5631697819314642 0.010208783297336259 0.03036604361370717
17 0.3940028797696184 0.49922897196261684 0.016925845932325406 0.041082554517133954
17 0.3663462922966163 0.5019080996884736 0.016097912167026607 0.039299065420560775
17 0.33992800575953924 0.5010202492211837 0.016925845932325406 0.035724299065420476
17 0.31371490280777536 0.5014641744548286 0.016511879049675986 0.03304517133956391
0 0.4685925125989921 0.6742289719626169 0.01893808495320379 0.03725077881619932
0 0.5087652987760979 0.6729828660436137 0.017789776817854597 0.03725077881619932
0 0.5087652987760979 0.7890809968847351 0.01549676025917933 0.03848909657320869
0 0.5087652987760979 0.9026947040498442 0.017789776817854597 0.03725077881619932
0 0.4685925125989921 0.7878426791277258 0.017789776817854597 0.03600467289719619
0 0.4691648668106551 0.9051791277258567 0.017789776817854597 0.039735202492211824
0 0.3489344852411807 0.9331152647975077 0.016069114470842367 0.03600467289719628
0 0.3486069114470842 0.8467445482866044 0.016886249100072023 0.03535825545171346
0 0.38864290856731465 0.8467445482866044 0.016342692584593265 0.03535825545171346
0 0.3486069114470842 0.7312538940809968 0.016886249100072023 0.03771028037383183
0 0.38864290856731465 0.7306619937694704 0.016886249100071943 0.03535825545171346
0 0.4290856731461483 0.7884034267912772 0.01715982721382292 0.03653426791277256
0 0.42826853851691865 0.9056697819314643 0.01715982721382292 0.03299844236760116
0 0.42881569474442044 0.6749766355140187 0.01661267098632113 0.03712616822429912
3 0.16340892728581713 0.5627258566978193 0.01089272858171346 0.028286604361370666
3 0.16340892728581713 0.6195872274143301 0.011439884809215253 0.025334890965732066
17 0.1574730021598272 0.425607476635514 0.039575233981281474 0.046767912772585636
17 0.6564866810655148 0.24042056074766355 0.018178545716342694 0.036791277258566984
17 0.6558999280057595 0.3260591900311527 0.018178545716342694 0.040599688473520246
17 0.722455003599712 0.2397897196261682 0.017591792656587432 0.03806074766355141
17 0.7893052555795537 0.2397897196261682 0.016418286537076915 0.03552180685358256
17 0.7893052555795537 0.3260591900311527 0.016418286537076915 0.03552180685358256
17 0.722163426925846 0.32669781931464176 0.020525557955363566 0.036791277258566984