0 0.13219246031746032 0.34854497354497355 0.0220734126984127 0.027447089947089946
11 0.2896502976190476 0.35503306878306873 0.01542906746031747 0.01809523809523803
11 0.7145337301587301 0.3976521164021164 0.009672619047619048 0.012896825396825396
0 0.13132440476190477 0.4485780423280423 0.022817460317460316 0.028108465608465607
0 0.13020833333333334 0.6245039682539683 0.023065476190476192 0.020833333333333332
0 0.1307043650793651 0.5502645502645502 0.023561507936507936 0.0291005291005291
0 0.2898065476190476 0.621031746031746 0.02132936507936508 0.027116402116402115
0 0.19109623015873015 0.6235119047619048 0.022817460317460316 0.022817460317460316
0 0.47013392857142855 0.6159060846560847 0.021455853174603228 0.027116402116402115
0 0.3818204365079365 0.6173941798941799 0.019345238095238096 0.026785714285714284
0 0.3628472222222222 0.4513888888888889 0.020089285714285716 0.026455026455026454
0 0.5579117063492064 0.6130952380952381 0.018353174603174604 0.026455026455026454
0 0.5560515873015873 0.4720568783068783 0.018105158730158732 0.02546296296296296
0 0.46923611111111113 0.5433201058201058 0.02035466269841274 0.027777777777777776
0 0.46859375 0.44907407407407407 0.021145833333333388 0.026785714285714284
11 0.8175843253968254 0.5375330687830688 0.010168650793650794 0.016203703703703703
0 0.8513144841269841 0.5365410052910053 0.018849206349206348 0.025793650793650792
0 0.8526785714285714 0.6069775132275133 0.019097222222222224 0.02546296296296296
0 0.12958829365079366 0.7058531746031746 0.023809523809523808 0.02943121693121693
0 0.12996031746031747 0.6388888888888888 0.022817460317460316 0.007936507936507936
0 0.2898065476190476 0.6939484126984127 0.021081349206349208 0.026785714285714284
0 0.19047619047619047 0.7023809523809523 0.022817460317460316 0.027777777777777776
0 0.19122023809523808 0.6372354497354498 0.0220734126984127 0.004629629629629629
0 0.38169642857142855 0.6883267195767195 0.019345238095238096 0.025793650793650792
0 0.46875 0.6878306878306878 0.01488095238095238 0.026455026455026454
0 0.558655753968254 0.6841931216931217 0.018601190476190476 0.026124338624338623
0 0.4782986111111111 0.6875 0.004216269841269841 0.026785714285714284
0 0.8542906746031746 0.6770833333333334 0.019097222222222224 0.026455026455026454
8 0.2509573412698413 0.35094907407407405 0.029523809523809542 0.03788029100529103
8 0.3643179563492064 0.5470337301587301 0.028968253968254015 0.03788029100529106
8 0.5743303571428571 0.5422056878306879 0.023397817460317497 0.031197089947089994
8 0.7851785714285715 0.5388657407407408 0.021726190476190566 0.030453042328042378
0 0.251235119047619 0.4497354497354497 0.02339781746031747 0.03193783068783066
0 0.25039930555555556 0.5477777777777778 0.023953373015873025 0.028968253968253938
0 0.7826736111111111 0.4437929894179894 0.018940972222222196 0.028968253968253938
0 0.8492410714285714 0.4449074074074074 0.02283978174603178 0.029708994708994758
3 0.6264955357142857 0.44553571428571426 0.01149057539682538 0.015320767195767172
3 0.6269742063492063 0.4912830687830688 0.01117063492063491 0.013191137566137524
3 0.6287301587301587 0.5389417989417989 0.010213293650793723 0.014894179894179882
3 0.6812301587301587 0.4904298941798942 0.011808035714285634 0.014894179894179882
3 0.7343700396825397 0.4423445767195768 0.01149057539682538 0.014044312169312102
3 0.736123511904762 0.4891534391534392 0.01053323412698419 0.01659722222222224
10 0.6815500992063492 0.44277116402116407 0.01117063492063491 0.014044312169312102
10 0.6826661706349207 0.5376653439153439 0.01149057539682538 0.014044312169312102
11 0.5232316468253968 0.5436342592592592 0.013799603174603256 0.023740079365079353
11 0.7393377976190477 0.6214120370370371 0.010062003968253895 0.017685185185185193
3 0.7402529761904761 0.6752314814814815 0.010062003968253895 0.017380952380952438
3 0.644890873015873 0.6762962962962963 0.011433531746031836 0.01707671957671961
3 0.69234375 0.6226322751322751 0.009833829365079275 0.017685185185185193
3 0.6440922619047619 0.622175925925926 0.010290178571428518 0.01738095238095236
3 0.7389955357142858 0.6208035714285715 0.010290178571428518 0.017076719576719534
3 0.7716964285714286 0.613181216931217 0.009833829365079275 0.015856481481481423
3 0.7728397817460317 0.6608994708994709 0.009833829365079275 0.015548941798941793
3 0.7737549603174604 0.7077050264550264 0.010749007936507973 0.015856481481481423
3 0.6937698412698413 0.676630291005291 0.011031746031745924 0.017083333333333284
3 0.73703125 0.5360218253968254 0.009893353174603256 0.015588624338624296
17 0.8137028769841269 0.4131084656084656 0.016639384920634957 0.025181878306878337
17 0.8139260912698413 0.4562797619047619 0.01798611111111122 0.025181878306878337