1 0.3053075396825397 0.167989417989418 0.01066468253968254 0.027447089947089946
1 0.27529761904761907 0.16517857142857142 0.01066468253968254 0.027116402116402115
4 0.18216765873015872 0.19014550264550265 0.005704365079365079 0.007605820105820105
1 0.20238095238095238 0.175760582010582 0.011160714285714286 0.027447089947089946
1 0.15993055555555558 0.17559523809523808 0.012730654761904743 0.027777777777777776
1 0.34375 0.17294973544973544 0.00992063492063492 0.026455026455026454
1 0.37189980158730157 0.17559523809523808 0.00992063492063492 0.026124338624338623
1 0.4660218253968254 0.19047619047619047 0.009672619047619048 0.025793650793650792
1 0.44742063492063494 0.20316468253968253 0.00992063492063492 0.025704365079365084
1 0.5102926587301587 0.20221560846560846 0.009176587301587302 0.018849206349206348
1 0.4928075396825397 0.20816798941798942 0.008680555555555556 0.006944444444444444
1 0.20944940476190477 0.36574074074074076 0.01066468253968254 0.026455026455026454
1 0.2421875 0.4054232804232804 0.01066468253968254 0.026124338624338623
1 0.16778273809523808 0.3802910052910053 0.010912698412698412 0.026785714285714284
1 0.2109375 0.4060846560846561 0.01066468253968254 0.026455026455026454
1 0.2408234126984127 0.3654100529100529 0.010416666666666666 0.026124338624338623
4 0.3071676587301587 0.22767857142857142 0.005208333333333333 0.007275132275132275
4 0.2692212301587302 0.298776455026455 0.005704365079365079 0.007275132275132275
0 0.24776785714285715 0.2779431216931217 0.010416666666666666 0.013888888888888888
16 0.26438492063492064 0.2576058201058201 0.003224206349206349 0.009259259259259259
1 0.20348462301587303 0.21577380952380953 0.012175099206349186 0.029427910052910056
4 0.18551587301587302 0.28488756613756616 0.005952380952380952 0.007275132275132275
0 0.28869047619047616 0.27976190476190477 0.009672619047619048 0.013558201058201057
1 0.16182539682539682 0.21599537037037037 0.01240823412698412 0.02898478835978839
0 0.28749751984126987 0.22614087301587302 0.010510912698412726 0.0134623015873016
1 0.4445684523809524 0.31084656084656087 0.018353174603174604 0.012896825396825396
1 0.3654513888888889 0.2906746031746032 0.009672619047619048 0.025793650793650792
1 0.3663194444444444 0.32936507936507936 0.009672619047619048 0.02546296296296296
1 0.4624875992063492 0.2615112433862434 0.01922123015873016 0.014758597883597919
4 0.4152108134920635 0.34400462962962963 0.00899305555555561 0.010763888888888911
4 0.32862103174603174 0.30787037037037035 0.005208333333333333 0.006944444444444444
4 0.44275793650793654 0.26275132275132274 0.01001736111111108 0.011613756613756578
1 0.41260416666666666 0.30474537037037036 0.010721726190476195 0.026154100529100503
1 0.4457390873015873 0.37307208994708996 0.0184623015873016 0.013339947089947138
4 0.33531001984126985 0.4126620370370371 0.009905753968253982 0.010505952380952375
4 0.47259424603174605 0.373015873015873 0.004712301587301587 0.006613756613756613
0 0.36433531746031744 0.23375661375661375 0.010416666666666666 0.014467592592592593
1 0.44494047619047616 0.335978835978836 0.018353174603174604 0.012896825396825396
16 0.4464608134920635 0.3982010582010582 0.006760912698412753 0.009818121693121712
0 0.32787698412698413 0.28191137566137564 0.009672619047619048 0.013227513227513227
1 0.41964285714285715 0.20259920634920633 0.00992063492063492 0.02632936507936512
16 0.47472966269841266 0.21488095238095237 0.007993551587301593 0.009388227513227546
8 0.41381448412698413 0.373015873015873 0.009176587301587302 0.013227513227513227
1 0.5152405753968253 0.2755026455026455 0.01882440476190473 0.013968253968253972
1 0.5875496031746031 0.24586640211640212 0.009176587301587302 0.02447089947089947
1 0.5188492063492064 0.33035714285714285 0.008680555555555556 0.02447089947089947
1 0.498812003968254 0.373234126984127 0.01820188492063489 0.013660714285714267
1 0.5548958333333334 0.3075132275132275 0.012571924603174503 0.027063492063492036
1 0.5446428571428571 0.2190277777777778 0.008928571428571428 0.026888227513227496
1 0.6223958333333334 0.28158068783068785 0.009176587301587302 0.02447089947089947
1 0.5104166666666666 0.2152777777777778 0.008928571428571428 0.007275132275132275
16 0.49107142857142855 0.3958333333333333 0.005704365079365079 0.008267195767195767
1 0.5276537698412699 0.24454365079365079 0.008928571428571428 0.02513227513227513
1 0.5705853174603175 0.3545006613756614 0.010466269841269795 0.024804894179894253
1 0.5703125 0.2700066137566138 0.009176587301587302 0.02447089947089947
1 0.4793452380952381 0.3108796296296296 0.018988095238095224 0.014156746031746013
1 0.6050347222222222 0.29398148148148145 0.009424603174603174 0.023809523809523808
1 0.4931795634920635 0.22123015873015872 0.008680555555555556 0.01917989417989418
11 0.6299603174603174 0.3707010582010582 0.006696428571428571 0.006944444444444444
1 0.4945436507936508 0.22139550264550265 0.005952380952380952 0.01951058201058201
16 0.623702876984127 0.3076157407407408 0.008070436507936499 0.00679232804232803
4 0.6154513888888888 0.3533399470899471 0.00496031746031746 0.006283068783068783
16 0.5710069444444444 0.3951190476190476 0.006597222222222312 0.008703703703703759
1 0.5979935515873016 0.41392526455026457 0.013940972222222231 0.026263227513227537
1 0.5445188492063492 0.42577050264550265 0.008432539682539682 0.024160052910052892
1 0.48007688492063494 0.3360350529100529 0.01802331349206351 0.012675264550264563
16 0.5875496031746031 0.2810846560846561 0.007192460317460317 0.007275132275132275
1 0.62359375 0.41367063492063494 0.014303075396825415 0.02641534391534395
16 0.5203373015873016 0.2392526455026455 0.005952380952380952 0.008928571428571428
9 0.604734623015873 0.3531746031746032 0.009424603174603174 0.02447089947089947
16 0.5139112103174603 0.23500661375661375 0.007951388888888989 0.009041005291005265
1 0.6573660714285714 0.3287037037037037 0.009176587301587302 0.023809523809523808
1 0.6750992063492064 0.32837301587301587 0.009424603174603174 0.023148148148148147
1 0.6397569444444444 0.31746031746031744 0.008928571428571428 0.023148148148148147
16 0.7189980158730159 0.40757275132275134 0.005952380952380952 0.006283068783068783
1 0.16897569444444444 0.433181216931217 0.011748511904761878 0.028475529100529143
1 0.2279265873015873 0.4522156084656085 0.021081349206349208 0.013888888888888888
11 0.16319444444444445 0.5620039682539683 0.006944444444444444 0.009259259259259259
16 0.1996527777777778 0.45882936507936506 0.00744047619047619 0.009259259259259259
1 0.4326190476190476 0.4275892857142857 0.010255456349206327 0.024447751322751267
11 0.33134920634920634 0.4487433862433862 0.006448412698412698 0.008928571428571428
1 0.4597891865079365 0.4268716931216931 0.009985119047619102 0.025886243386243454
1 0.5026488095238095 0.42579034391534387 0.008836805555555582 0.024083994708994683
11 0.6293402777777778 0.47437169312169314 0.005952380952380952 0.01025132275132275
1 0.4775372023809524 0.42664351851851856 0.009459325396825365 0.02435515873015876
1 0.5610565476190476 0.424047619047619 0.008836805555555582 0.02492063492063496
12 0.5341021825396826 0.5079365079365079 0.005704365079365079 0.004298941798941799
4 0.7175099206349206 0.47900132275132273 0.003968253968253968 0.006283068783068783
9 0.6553819444444444 0.45701058201058203 0.009424603174603174 0.023148148148148147
16 0.7847222222222222 0.5269510582010583 0.007192460317460317 0.005952380952380952
1 0.7239186507936508 0.502824074074074 0.011061507936508027 0.025155423280423334
11 0.7077132936507936 0.47354497354497355 0.00744047619047619 0.007605820105820105
1 0.6935243055555556 0.4583730158730158 0.014032738095238077 0.02620701058201058
1 0.7684771825396826 0.45419973544973546 0.007688492063492063 0.022486772486772486
16 0.7637648809523809 0.4852843915343915 0.007192460317460317 0.005952380952380952
11 0.5213988095238096 0.651547619047619 0.00683531746031756 0.011759259259259242
2 0.5127008928571428 0.6348743386243386 0.008288690476190495 0.006944444444444444
1 0.6724950396825397 0.7293320105820106 0.009176587301587302 0.023148148148148147
1 0.7880704365079365 0.7073412698412699 0.007936507936507936 0.022486772486772486
11 0.7059771825396826 0.6438492063492064 0.004464285714285714 0.009259259259259259
14 0.6583581349206349 0.687665343915344 0.005952380952380952 0.007936507936507936
16 0.6653025793650794 0.7056878306878307 0.005952380952380952 0.007936507936507936
1 0.6468253968253969 0.7172619047619048 0.008928571428571428 0.022817460317460316
1 0.7291666666666666 0.7253637566137566 0.00818452380952381 0.023809523809523808
1 0.7657490079365079 0.720568783068783 0.00818452380952381 0.023478835978835978
1 0.8038194444444444 0.7060185185185185 0.00818452380952381 0.022156084656084655
1 0.8524305555555556 0.6937830687830688 0.00818452380952381 0.021494708994708994
1 0.7096502976190476 0.3514814814814815 0.009841269841269913 0.027754629629629612
1 0.6919791666666667 0.3752976190476191 0.009578373015872988 0.02500330687830692
1 0.716937003968254 0.38671957671957674 0.008229166666666739 0.02446097883597877
1 0.7457366071428572 0.40920304232804233 0.00890376984126975 0.024103835978835936
1 0.7306274801587301 0.4325859788359789 0.008095238095238176 0.02446097883597877
1 0.7520114087301588 0.46613095238095237 0.008499503968254076 0.023561507936507936
1 0.7749429563492064 0.5101984126984127 0.008499503968254076 0.023204365079365102
1 0.7524156746031746 0.5465310846560847 0.012006448412698377 0.02715939153439157
1 0.6929241071428571 0.503994708994709 0.013085317460317514 0.026980820105820154
4 0.2692733134920635 0.29858465608465606 0.006974206349206322 0.009047619047619014
8 0.32973462301587303 0.33406415343915347 0.012256944444444463 0.015691137566137544
8 0.24934523809523806 0.31843915343915347 0.012562003968253962 0.01519179894179896
8 0.24584077380952382 0.22358796296296296 0.011979166666666655 0.015582010582010546
8 0.32647321428571424 0.22962632275132275 0.010808531746031727 0.016749338624338653
9 0.41586805555555556 0.24715608465608466 0.02015873015873021 0.015972222222222207
9 0.531703869047619 0.3714153439153439 0.018112599206349143 0.012853835978835942
1 0.6552579365079365 0.5026421957671958 0.010709325396825469 0.02489417989417996
1 0.6897321428571429 0.706574074074074 0.009347718253968155 0.02433531746031751
1 0.713658234126984 0.7046428571428572 0.009570932539682575 0.02403769841269828
1 0.7506026785714285 0.7009358465608466 0.00823412698412694 0.02670634920634928
1 0.8683407738095238 0.7141402116402116 0.009570932539682575 0.022255291005291066
0 0.2897321428571429 0.3193386243386243 0.011631944444444467 0.015509259259259289
14 0.2053298611111111 0.24666335978835977 0.004040178571428563 0.010052910052910083
16 0.438125 0.39710317460317457 0.008077876984127024 0.01292658730158735
16 0.22925347222222223 0.33913359788359787 0.007631448412698408 0.011349206349206366
16 0.18874503968253967 0.3393287037037037 0.009980158730158733 0.010958994708994705
3 0.16379464285714285 0.26477182539682537 0.005282738095238084 0.0050892857142857476
16 0.23160218253968254 0.2019543650793651 0.005282738095238084 0.010175264550264544
16 0.29089533730158734 0.20567129629629632 0.008807043650793704 0.010568783068783082
16 0.3566493055555556 0.21232473544973546 0.008219246031746 0.011349206349206328
16 0.6303695436507937 0.31199404761904764 0.007743055555555618 0.007953042328042313
16 0.7234300595238095 0.41357804232804235 0.0059151785714286614 0.008898809523809476
16 0.737328869047619 0.7012367724867725 0.005156249999999991 0.010310846560846658
16 0.774970238095238 0.6971130952380953 0.005156249999999991 0.010310846560846658
16 0.8341369047619047 0.691954365079365 0.006445932539682486 0.008250661375661316
16 0.8555357142857143 0.6653141534391535 0.007991071428571491 0.005843253968253992
16 0.6618204365079365 0.4902976190476191 0.006537698412698332 0.007886904761904732
2 0.6462549603174603 0.47687830687830685 0.006537698412698332 0.006504629629629654
2 0.3141046626984127 0.457718253968254 0.005486111111111084 0.01024140211640205
16 0.3910119047619047 0.34434854497354495 0.007021329365079352 0.009361772486772469
16 0.45958333333333334 0.3494675925925926 0.006364087301587266 0.009656084656084595
16 0.49699404761904764 0.3494675925925926 0.007021329365079352 0.009656084656084595
16 0.5353943452380953 0.34961309523809525 0.006582341269841261 0.011117724867724832
1 0.6390699404761905 0.37638558201058203 0.00855654761904762 0.024282407407407353
11 0.6478472222222222 0.46371362433862434 0.006364087301587266 0.010532407407407378
11 0.5284821428571429 0.5014550264550265 0.007242063492063447 0.009361772486772469
11 0.4012425595238095 0.2475297619047619 0.006232638888888916 0.01083994708994708
11 0.3261706349206349 0.24391534391534392 0.009486607142857142 0.01083994708994708
3 0.1846999007936508 0.2645138888888889 0.005691964285714297 0.006504629629629654
3 0.2054315476190476 0.2645138888888889 0.004878472222222241 0.006504629629629654
3 0.2074652777777778 0.3053472222222222 0.005148809523809522 0.006504629629629654
3 0.18564732142857143 0.3048048941798942 0.004335317460317465 0.006865079365079362
3 0.16437251984126985 0.30516534391534395 0.004064980158730184 0.00614417989417987
3 0.290530753968254 0.37237764550264546 0.008129960317460367 0.006865079365079438
3 0.31939484126984125 0.37310185185185185 0.007316468253968254 0.006865079365079438
3 0.34812251984126985 0.37310185185185185 0.007316468253968254 0.006865079365079438
3 0.3763095238095238 0.37382275132275133 0.008943452380952368 0.007589285714285654
3 0.3775272817460318 0.4105026455026455 0.007589285714285692 0.005780423280423287
3 0.3488715277777778 0.4107440476190476 0.007564484126984127 0.0067261904761905245
3 0.320203373015873 0.41109788359788363 0.008095238095238063 0.0067261904761905245
3 0.2918675595238095 0.4115410052910053 0.00769841269841269 0.007255291005291023
3 0.2933258928571429 0.4502083333333334 0.007963789682539715 0.00743386243386244
3 0.3499355158730159 0.44861772486772483 0.007564484126984127 0.005661375661375625
3 0.37780753968253966 0.4478207671957672 0.007564484126984127 0.006193783068783075
11 0.17835069444444446 0.6946693121693122 0.00977182539682542 0.014659391534391511
2 0.5128125 0.6403670634920635 0.008499503968254076 0.0058630952380952445
9 0.7216046626984127 0.5467460317460318 0.00985119047619054 0.02791335978835974