4 0.38773218142548593 0.48349688473520247 0.010165586753059676 0.01761682242990646
4 0.28528077753779696 0.19299844236760125 0.009370050395968313 0.017616822429906545
3 0.6645068394528437 0.47001557632398755 0.006119510439164867 0.010124610591900311
3 0.6342692584593232 0.42679127725856697 0.005759539236861051 0.011682242990654205
4 0.48502879769618434 0.192095015576324 0.008574514038876949 0.01503894080996885
3 0.6342692584593232 0.2971183800623053 0.006119510439164867 0.011682242990654205
3 0.6342692584593232 0.3613707165109034 0.005759539236861051 0.010903426791277258
3 0.6043916486681066 0.10358255451713395 0.006119510439164867 0.00778816199376947
3 0.6643268538516919 0.3621495327102804 0.006119510439164867 0.010124610591900311
3 0.6328293736501079 0.10358255451713395 0.0032397408207343412 0.007009345794392523
3 0.6042116630669546 0.14641744548286603 0.006119510439164867 0.00778816199376947
3 0.6331893448524119 0.19080996884735202 0.0032397408207343412 0.007009345794392523
3 0.6942044636429086 0.14719626168224298 0.006119510439164867 0.008566978193146417
3 0.7242620590352772 0.47001557632398755 0.006119510439164867 0.010124610591900311
3 0.6942044636429086 0.10319314641744548 0.005759539236861051 0.00778816199376947
3 0.7244420446364291 0.3617601246105919 0.006119510439164867 0.010124610591900311
3 0.7244420446364291 0.14641744548286603 0.006119510439164867 0.00778816199376947
3 0.6945644348452124 0.4696261682242991 0.0064794816414686825 0.010124610591900311
3 0.6945032397408207 0.3614408099688473 0.006360691144708449 0.011542056074766395
3 0.11339092872570194 0.7753115264797508 0.006119510439164867 0.008566978193146417
3 0.13372930165586752 0.7757009345794392 0.006119510439164867 0.009345794392523364
3 0.17350611951043918 0.7760903426791277 0.006119510439164867 0.008566978193146417
3 0.13354931605471562 0.8193146417445483 0.0064794816414686825 0.009345794392523364
3 0.1535277177825774 0.7753115264797508 0.006119510439164867 0.009345794392523364
4 0.5608603311735061 0.5099376947040498 0.009766018718502559 0.016752336448598124
3 0.9926853851691864 0.3990109034267913 0.013750899928005694 0.015350467289719654
3 0.6327645788336933 0.10448598130841122 0.007811375089992735 0.007928348909657327
3 0.6637796976241901 0.2974688473520249 0.006828653707703311 0.012889408099688438
3 0.6947192224622031 0.29700155763239877 0.006828653707703311 0.015085669781931467
3 0.7238444924406047 0.29715732087227414 0.006393088552915845 0.012889408099688438
3 0.7250791936645068 0.18982866043613708 0.007408207343412501 0.010685358255451735
3 0.6946472282217423 0.23304517133956387 0.00697264218862487 0.010373831775700974
3 0.6644312455003599 0.23335669781931465 0.006393088552915845 0.009112149532710315
3 0.6945032397408207 0.19014018691588783 0.0066810655147588 0.010685358255451735
3 0.6644312455003599 0.19029595015576325 0.00697264218862487 0.009742990654205601
3 0.63414686825054 0.18950934579439252 0.006245500359971169 0.008169781931464181
3 0.6347264218862491 0.23382398753894082 0.006828653707703311 0.010054517133956362
3 0.6342908567314615 0.2968380062305296 0.006537077033837241 0.012258566978193153
3 0.6340712742980562 0.3619003115264798 0.006393088552915845 0.012258566978193153
3 0.6345824334053275 0.4263239875389408 0.006828653707703311 0.012258566978193153
3 0.6642152627789777 0.4278971962616822 0.006828653707703311 0.01351246105918996
3 0.6643592512598991 0.47079439252336447 0.006537077033837241 0.013831775700934572
3 0.6045356371490281 0.2973208722741433 0.007606191504679665 0.014867601246105944
3 0.6040460763138948 0.36315420560747663 0.007606191504679665 0.014867601246105944
3 0.6039236861051116 0.4260669781931465 0.007361411087112965 0.01327102803738315
3 0.6041900647948164 0.19039719626168225 0.006648668106551404 0.010887850467289734
3 0.634438444924406 0.14633956386292835 0.007311015118790477 0.01017133956386293
3 0.6648200143988481 0.14746884735202492 0.008531317494600366 0.012429906542056059
3 0.6646472282217423 0.1037772585669782 0.007487401007919432 0.01242990654205607
3 0.7247984161267099 0.10415109034267912 0.008009359251259899 0.01242990654205607
13 0.5592368610511159 0.19070093457943926 0.004366450683945324 0.20444704049844237
13 0.5102015838732901 0.19156542056074768 0.007940964722822155 0.20616822429906545
13 0.46017638588912885 0.19027258566978195 0.00635349172066238 0.20530373831775703
13 0.40975161987041037 0.1898442367601246 0.007145428365730708 0.20101246105919005
13 0.35992080633549317 0.19027258566978195 0.00754499640028799 0.2035903426791277
13 0.3104895608351332 0.19070093457943926 0.009528437724982011 0.20444704049844237
13 0.25946724262059034 0.19070093457943926 0.00754499640028799 0.20444704049844237
13 0.21023398128149748 0.1898442367601246 0.0083369330453564 0.20273364485981304
13 0.1473038156947444 0.2581386292834891 0.0635277177825774 0.02319314641744546
13 0.16199424046076313 0.3672352024922118 0.09370410367170624 0.024914330218068544
13 0.16179625629949604 0.4750389408099689 0.09330453563714905 0.02404984423676021
13 0.16140028797696185 0.5837071651090343 0.09410007199424049 0.02319314641744546
13 0.16159827213822892 0.691518691588785 0.09449604031677464 0.02404984423676021
3 0.15365730741540679 0.818652647975078 0.0087365010799136 0.015459501557632328
3 0.17311015118790496 0.8173598130841122 0.007940964722822155 0.014602803738317757
13 0.20705903527717784 0.7868691588785047 0.006749460043196544 0.09620716510903425
11 0.19217062634989202 0.8405607476635514 0.010323974082073457 0.019758566978193063
4 0.16358171346292297 0.5360358255451714 0.011115910727141827 0.02061526479750781
11 0.21241900647948164 0.47031931464174453 0.0087365010799136 0.02319314641744546
11 0.3222030237580994 0.47031931464174453 0.009924406047516175 0.016323987538940838
11 0.5524874010079194 0.47203271028037386 0.008336933045356319 0.024914330218068544
11 0.5526853851691864 0.6876479750778817 0.007940964722822155 0.02319314641744546
11 0.5522894168466522 0.27789719626168224 0.00952843772498193 0.01975856697819315
11 0.7232181425485961 0.2774688473520249 0.008336933045356319 0.018901869158878492
2 0.20462562994960404 0.8540264797507787 0.007401007919366431 0.01847352024922103
2 0.5737437005039596 0.8281697819314641 0.010244780417566608 0.01601246105918999
14 0.593668106551476 0.4297819314641745 0.005122390208783304 0.018473520249221206
14 0.5883261339092872 0.42976635514018696 0.005093592512599025 0.0167367601246106
14 0.5830885529157667 0.42944704049844235 0.0051907847372210485 0.017375389408099646
15 0.5993916486681066 0.4568847352024922 0.0074406047516198965 0.0167367601246106
15 0.5420590352771778 0.3527570093457944 0.008128149748020131 0.01440809968847352
15 0.4903563714902808 0.3528582554517134 0.008912886969042555 0.01419781931464176
15 0.43938444924406045 0.35306853582554515 0.007638588912886897 0.014618380062305281
15 0.38807415406767454 0.35296728971962615 0.007832973362131108 0.014828660436137044
15 0.3366126709863211 0.3527570093457944 0.00793016558675305 0.01440809968847352
15 0.2981785457163427 0.35296728971962615 0.008225341972642157 0.01440809968847352
15 0.2598416126709863 0.35317757009345796 0.007735781137509002 0.014828660436137044
15 0.24550755939524838 0.5177024922118381 0.007167026637869 0.017414330218068458
15 0.24563354931605472 0.5971417445482866 0.006915046796256313 0.017414330218068458
15 0.24556875449964005 0.6767133956386293 0.0070410367170626155 0.0165965732087227
15 0.2297264218862491 0.8226635514018691 0.007796976241900677 0.008161993769470419
15 0.3727933765298776 0.5169392523364486 0.00403167746580267 0.016401869158878462
14 0.582455003599712 0.2048208722741433 0.008531317494600366 0.012071651090342679
14 0.582455003599712 0.19169003115264796 0.00918646508279337 0.011362928348909639
0 0.6132181425485961 0.4937305295950156 0.012814974802015806 0.027725856697819243
0 0.5226097912167026 0.3422429906542056 0.012203023758099384 0.028380062305295904
0 0.5229157667386609 0.4065965732087228 0.011594672426205916 0.02772585669781929
0 0.47257379409647227 0.3415809968847352 0.012203023758099384 0.02706386292834891
0 0.47257379409647227 0.4065965732087228 0.012814974802015806 0.029042056074766325
0 0.4124730021598272 0.3419158878504673 0.012814974802015806 0.027725856697819334
0 0.41262778977681785 0.4072585669781931 0.011897048236141175 0.02640186915887853
0 0.3622858171346292 0.3422429906542056 0.013729301655867566 0.02970404984423675
0 0.36244060475161993 0.4069314641744548 0.012814974802015848 0.028380062305295994
0 0.322170626349892 0.3422429906542056 0.013423326133909274 0.028380062305295904
0 0.3223218142548596 0.4069314641744548 0.012508999280057595 0.029704049844236795
0 0.28220302375809936 0.3425700934579439 0.013423326133909274 0.027725856697819334
0 0.28250899928005757 0.4072585669781931 0.012203023758099384 0.029042056074766325
0 0.24201943844492443 0.4065887850467289 0.012289416846652303 0.026004672897196296
0 0.24215262778977684 0.3421417445482866 0.01255579553635713 0.02658878504672896
0 0.24241900647948167 0.5580062305295951 0.011486681065514788 0.02600467289719634
0 0.262455003599712 0.5588785046728972 0.01255579553635713 0.02658878504672905
0 0.27247300215982717 0.6230295950155763 0.012822174226061876 0.027741433021806768
0 0.24255219582433404 0.6238940809968848 0.012822174226061876 0.027165109034267998
0 0.24255219582433404 0.7319704049844237 0.012822174226061876 0.027165109034267998
0 0.27247300215982717 0.7322585669781931 0.012822174226061876 0.028894080996884664
0 0.2524370050395968 0.8183722741433022 0.012822174226061876 0.028894080996884664
0 0.31200503959683223 0.7741588785046729 0.012289416846652303 0.027165109034267998
0 0.3124082073434125 0.8397585669781932 0.01255579553635713 0.026588785046728874
0 0.362361411087113 0.7753193146417445 0.013088552915766702 0.028317757009345718
0 0.36249460043196546 0.8400467289719625 0.011753059755219616 0.028317757009345895
0 0.41298056155507556 0.7753193146417445 0.01335493160547153 0.028317757009345718
0 0.4125809935205184 0.8397585669781932 0.01255579553635713 0.027741433021806768
0 0.4125809935205184 0.6892056074766355 0.01255579553635713 0.02600467289719634
0 0.3826637868970482 0.6889096573208723 0.01201943844492436 0.027741433021806768
0 0.3523434125269978 0.6889096573208723 0.012289416846652303 0.027741433021806768
0 0.35247660187185026 0.6233177570093458 0.012019438444924441 0.02600467289719634
0 0.3825269978401728 0.6238940809968848 0.012289416846652221 0.027165109034267998
0 0.41231461483081355 0.6230295950155763 0.01255579553635713 0.027741433021806768
0 0.4128473722102232 0.558582554517134 0.013088552915766785 0.028317757009345718
0 0.3826637868970482 0.5588785046728972 0.01201943844492436 0.02658878504672905
0 0.35247660187185026 0.5588785046728972 0.012019438444924441 0.028894080996884664
10 0.6048956083513319 0.2334657320872274 0.010892728581713541 0.016580996884735175
4 0.6639956803455723 0.168006230529595 0.010489560835133143 0.01658099688473522
4 0.6646004319654427 0.37965732087227416 0.010892728581713541 0.019197819314641727
4 0.38262419006479487 0.6445404984423676 0.007663786897048223 0.018325545171339542
4 0.3620518358531317 0.8081931464174456 0.008470122390208773 0.01570872274143308
4 0.16377969762419006 0.7981542056074766 0.010489560835133185 0.020070093457943913
13 0.5599172066234701 0.3766043613707165 0.007260619150467989 0.09687694704049843
13 0.5601187904967603 0.5703582554517134 0.008470122390208855 0.09513239875389415
13 0.5595140388768898 0.7440420560747664 0.004841612670986256 0.09687694704049853
13 0.51735781137509 0.4817679127725857 0.04235781137509002 0.01396417445482871
13 0.42760259179265664 0.4756619937694704 0.041954643628509786 0.020950155763239945
13 0.3370410367170626 0.4800233644859813 0.04477681785457167 0.008730529595015605
13 0.24708063354931606 0.47522585669781936 0.04235781137509002 0.02356697819314641
17 0.7252267818574514 0.4228271028037383 0.009960403167746606 0.022289719626168138
17 0.7102843772498201 0.42245327102803737 0.010302375809935167 0.02006230529595015
17 0.6955147588192945 0.4228271028037383 0.012365010799136036 0.019322429906542014
17 0.6817782577393808 0.4228271028037383 0.010302375809935167 0.019322429906542014