1 0.32759672619047614 0.43176587301587305 0.009913194444444395 0.02122023809523812
1 0.4521329365079365 0.2865410052910053 0.006944444444444444 0.01951058201058201
1 0.3790823412698413 0.2818584656084656 0.00985615079365074 0.02203373015873012
1 0.43092757936507936 0.2857142857142857 0.007192460317460317 0.01951058201058201
1 0.3265128968253968 0.2918320105820106 0.007936507936507936 0.02017195767195767
1 0.40153769841269843 0.2835648148148148 0.006944444444444444 0.02017195767195767
1 0.6097470238095238 0.4222255291005291 0.006944444444444444 0.02165674603174596
1 0.6097792658730159 0.35469907407407403 0.008271329365079455 0.021825396825396824
1 0.5095486111111112 0.30770502645502645 0.00744047619047619 0.01984126984126984
1 0.48520585317460313 0.3416269841269841 0.01565228174603178 0.01076719576719575
1 0.48139880952380953 0.38492063492063494 0.00744047619047619 0.01951058201058201
1 0.5239335317460317 0.29811507936507936 0.006944444444444444 0.01984126984126984
1 0.5461309523809523 0.3169642857142857 0.00744047619047619 0.02017195767195767
1 0.6517857142857143 0.36491402116402116 0.00744047619047619 0.01951058201058201
1 0.350828373015873 0.43149801587301584 0.008112599206349215 0.0220965608465609
1 0.3521701388888889 0.4616832010582011 0.007936507936507936 0.02017195767195767
1 0.33990575396825395 0.4965277777777778 0.015128968253968254 0.00992063492063492
1 0.5494791666666666 0.43700396825396826 0.014136904761904762 0.00958994708994709
1 0.58890625 0.4799603174603175 0.008576388888888871 0.020340608465608537
1 0.5530753968253969 0.4794973544973545 0.007192460317460317 0.01917989417989418
1 0.7109077380952381 0.5074900793650794 0.00853918650793658 0.020624999999999963
1 0.6521056547619047 0.4686838624338624 0.007192460317460317 0.021144179894179913
1 0.7092013888888888 0.4406415343915344 0.008432539682539682 0.018849206349206348
1 0.6667906746031746 0.4408068783068783 0.007688492063492063 0.018518518518518517
1 0.746155753968254 0.4877645502645503 0.008432539682539682 0.01917989417989418
1 0.7682291666666666 0.5162037037037037 0.00818452380952381 0.01951058201058201
1 0.7114012896825397 0.5453604497354497 0.008844246031745997 0.02070436507936512
1 0.7816220238095238 0.5064484126984127 0.007936507936507936 0.01917989417989418
1 0.2948387896825397 0.29017857142857145 0.01053819444444439 0.024437830687830717
1 0.3268427579365079 0.3215906084656085 0.009593253968253928 0.022658730158730152
1 0.2953249007936508 0.32049272486772484 0.010141369047619015 0.022658730158730152
1 0.3281150793650794 0.46159722222222216 0.00867063492063493 0.021431878306878288
1 0.33974702380952376 0.4964219576719577 0.015860615079365033 0.01099867724867732
1 0.2974503968253968 0.48246362433862433 0.00951636904761902 0.022559523809523745
1 0.2973462301587302 0.4412962962962963 0.00972718253968249 0.02199404761904769
1 0.4886309523809524 0.30777777777777776 0.00909474206349208 0.021147486772486786
1 0.5208829365079365 0.3514847883597884 0.015649801587301677 0.012126322751322775
1 0.563921130952381 0.35994378306878305 0.015860615079365033 0.012688492063492027
1 0.5959598214285714 0.38348875661375664 0.008459821428571348 0.021431878306878288
1 0.5605357142857142 0.30651124338624336 0.00867063492063493 0.020866402116402085
1 0.5891914682539682 0.31567460317460316 0.008881448412698513 0.02171296296296299
1 0.5746006944444444 0.33569444444444446 0.008881448412698513 0.022275132275132243
1 0.623876488095238 0.3359755291005291 0.008459821428571348 0.02171296296296295
1 0.637517361111111 0.3744675925925926 0.00867063492063493 0.020866402116402085
1 0.6659598214285715 0.39349867724867726 0.009305555555555664 0.02058531746031746
1 0.6805530753968253 0.4032275132275132 0.008035714285714195 0.021431878306878288
1 0.6945114087301587 0.4032275132275132 0.008459821428571348 0.020866402116402085
1 0.7231671626984126 0.4219808201058201 0.00867063492063493 0.021147486772486714
1 0.7309920634920635 0.449755291005291 0.007824900793650839 0.020866402116402085
1 0.7601760912698413 0.46878637566137565 0.00824900793650799 0.022275132275132316
1 0.7886210317460317 0.5540873015873016 0.008035714285714195 0.021431878306878288
1 0.7678968253968254 0.5834126984126984 0.008459821428571348 0.021431878306878288
1 0.740825892857143 0.5838359788359788 0.008459821428571348 0.02058531746031746
1 0.7401909722222222 0.5456283068783069 0.008881448412698513 0.021431878306878288
1 0.6819270833333334 0.5075595238095237 0.00867063492063493 0.022559523809523745
1 0.682140376984127 0.5460482804232805 0.00951636904761902 0.02284060846560852
1 0.631170634920635 0.4692096560846561 0.00867063492063493 0.021431878306878288
1 0.6041021825396825 0.4773875661375661 0.010786210317460264 0.01691798941798937
1 0.6380456349206349 0.4222619047619048 0.009305555555555664 0.021147486772486714
1 0.5786185515873016 0.43593584656084655 0.01607390873015883 0.011841931216931199
1 0.5676215277777777 0.4032275132275132 0.008459821428571348 0.02199404761904769
1 0.5313516865079365 0.47978505291005286 0.00824900793650799 0.02058531746031746
1 0.517921626984127 0.4806316137566138 0.008459821428571348 0.021147486772486714
1 0.5071378968253968 0.437771164021164 0.015225694444444413 0.012126322751322775
1 0.5348412698412699 0.40886904761904763 0.016495535714285768 0.011841931216931199
1 0.5354761904761904 0.38898809523809524 0.01607390873015883 0.01325396825396823
1 0.5069246031746032 0.38969246031746035 0.01607390873015877 0.012407407407407402
1 0.5068204365079365 0.4090079365079365 0.015438988095238096 0.010433201058201119
1 0.4963516865079365 0.4800661375661376 0.008035714285714307 0.021712962962962913
0 0.4823933531746032 0.43734788359788357 0.008035714285714307 0.011841931216931199
0 0.4182093253968254 0.4074570105820106 0.00909474206349208 0.011841931216931199
0 0.387859623015873 0.3668518518518518 0.00972718253968249 0.012969576719576653
0 0.3883878968253968 0.3961772486772487 0.00867063492063493 0.012969576719576653
0 0.4174677579365079 0.36769841269841275 0.00845982142857146 0.011841931216931199
0 0.3575124007936508 0.3662896825396826 0.00951636904761902 0.011841931216931199
0 0.35687748015873016 0.3957572751322751 0.007400793650793687 0.010433201058201119
0 0.35708829365079364 0.32596560846560846 0.00867063492063493 0.012407407407407402
0 0.38722470238095236 0.3275165343915344 0.00845982142857146 0.012126322751322775
0 0.41672867063492064 0.32864417989417993 0.00867063492063493 0.011560846560846574
0 0.4458060515873016 0.330760582010582 0.00845982142857146 0.010714285714285744
1 0.481547619047619 0.3853240740740741 0.00972718253968249 0.022275132275132316
1 0.4463343253968254 0.3741832010582011 0.00867063492063493 0.021431878306878288
1 0.44623015873015875 0.4036507936507937 0.00845982142857146 0.021147486772486714
1 0.8559375 0.7129232804232805 0.007371031746031809 0.019656084656084524
1 0.8677256944444445 0.7310978835978836 0.008365575396825288 0.019150132275132226
1 0.8151587301587301 0.7233961640211641 0.009977678571428464 0.0183201058201057
1 0.8012748015873016 0.7236838624338625 0.009977678571428464 0.018125000000000134
1 0.7798710317460318 0.7326521164021164 0.010267857142857053 0.017546296296296428
1 0.7683730158730159 0.7171296296296296 0.009546130952380898 0.020826719576719433
1 0.7468253968253967 0.7354464285714285 0.009833829365079275 0.018125000000000134
1 0.733375496031746 0.7176124338624339 0.008678075396825342 0.020631613756613865
1 0.7115376984126984 0.7181911375661375 0.008965773809523719 0.019861111111111242
1 0.6970039682539683 0.7367030423280423 0.009399801587301497 0.020631613756613865
3 0.38657986111111114 0.4362268518518519 0.005476190476190458 0.008425925925925932
3 0.3876339285714286 0.46572089947089945 0.005057043650793619 0.00786375661375668
3 0.38784474206349207 0.4943716931216931 0.003792162698412689 0.005618386243386171
3 0.40870039682539683 0.4353869047619047 0.0033705357142857504 0.0033697089947090125
3 0.4095436507936508 0.4648776455026455 0.004213789682539628 0.005056216931216919
3 0.4093328373015873 0.49353174603174604 0.003792162698412689 0.006180555555555574
3 0.43015128968253963 0.43623346560846565 0.0027777777777777328 0.004232804232804293
3 0.4309449404761905 0.4658630952380952 0.003571428571428594 0.004232804232804293
3 0.43133928571428576 0.49443452380952385 0.003571428571428594 0.004761904761904792
3 0.451875 0.49496362433862434 0.004166666666666712 0.004761904761904792
3 0.45247023809523806 0.46612764550264546 0.0033730158730158506 0.00582010582010579
3 0.4513789682539683 0.4368948412698413 0.004365079365079343 0.003968253968253968
3 0.2958358134920635 0.3547619047619047 0.004154265873015873 0.0059060846560846985
3 0.3110639880952381 0.35531415343915346 0.005260416666666675 0.007013888888888901
3 0.3272594246031746 0.35586970899470904 0.0038764880952381225 0.004431216931216961
3 0.2965277777777778 0.38558531746031743 0.004982638888888925 0.007013888888888901
3 0.3114781746031746 0.38595568783068784 0.004982638888888925 0.005539021164021164
3 0.3273983134920635 0.38595568783068784 0.004154265873015873 0.005539021164021164
11 0.6590054563492064 0.4375529100529101 0.00598214285714283 0.009652777777777797
11 0.41772073412698413 0.3399702380952381 0.006294642857142884 0.010072751322751334
11 0.40937996031746027 0.34689484126984127 0.00598214285714283 0.009652777777777797
11 0.4734002976190476 0.3415873015873016 0.007155257936507914 0.009289021164021175
11 0.358062996031746 0.3363128306878307 0.006966765873015909 0.007784391534391522
11 0.7271974206349207 0.665816798941799 0.006696428571428571 0.008482142857142888