1 0.18268538516918648 0.4855919003115265 0.01331893448524118 0.02570093457943925
1 0.18250539956803455 0.411993769470405 0.012958963282937365 0.028037383177570093
1 0.22642188624910006 0.48598130841121495 0.007919366450683946 0.024922118380062305
1 0.22642188624910006 0.411993769470405 0.007919366450683946 0.028037383177570093
1 0.2757379409647228 0.411993769470405 0.012958963282937365 0.028037383177570093
1 0.3804895608351332 0.411993769470405 0.012958963282937365 0.028037383177570093
1 0.2755579553635709 0.4855919003115265 0.012958963282937365 0.024922118380062305
1 0.3804895608351332 0.48598130841121495 0.012958963282937365 0.024922118380062305
1 0.32235421166306694 0.48598130841121495 0.012958963282937365 0.024922118380062305
1 0.23308135349172066 0.4116043613707165 0.005399568034557235 0.028037383177570093
1 0.32235421166306694 0.411993769470405 0.01259899208063355 0.028037383177570093
1 0.4505039596832253 0.4855919003115265 0.012958963282937365 0.02570093457943925
1 0.4503239740820734 0.411993769470405 0.01331893448524118 0.028037383177570093
1 0.23326133909287258 0.48598130841121495 0.005759539236861051 0.024922118380062305
1 0.5088192944564435 0.4855919003115265 0.012958963282937365 0.02570093457943925
1 0.5084593232541397 0.4116043613707165 0.012958963282937365 0.028037383177570093
15 0.6387688984881209 0.13901869158878505 0.007199424046076314 0.01557632398753894
15 0.6733261339092873 0.13901869158878505 0.00755939524838013 0.01557632398753894
11 0.5431965442764579 0.3372274143302181 0.009719222462203024 0.01791277258566978
15 0.6385889128869691 0.18925233644859812 0.007199424046076314 0.01557632398753894
15 0.6384089272858171 0.23948598130841123 0.006839452843772498 0.01557632398753894
15 0.6735061195104391 0.18886292834890966 0.007199424046076314 0.01557632398753894
15 0.6038516918646508 0.18925233644859812 0.006839452843772498 0.016355140186915886
15 0.6385889128869691 0.3664330218068536 0.007199424046076314 0.01557632398753894
15 0.6733261339092873 0.4411993769470405 0.007199424046076314 0.01557632398753894
15 0.6385889128869691 0.4411993769470405 0.006839452843772498 0.01557632398753894
15 0.6733261339092873 0.3664330218068536 0.007199424046076314 0.01557632398753894
15 0.603671706263499 0.23948598130841123 0.006839452843772498 0.01557632398753894
15 0.603671706263499 0.13862928348909656 0.0064794816414686825 0.014797507788161994
15 0.6735061195104391 0.23948598130841123 0.006839452843772498 0.014797507788161994
15 0.6384089272858171 0.2901090342679128 0.006839452843772498 0.014797507788161994
11 0.7411807055435565 0.3364485981308411 0.006119510439164867 0.014018691588785047
15 0.7428005759539237 0.13901869158878505 0.006839452843772498 0.014797507788161994
15 0.7429805615550756 0.18925233644859812 0.006839452843772498 0.01557632398753894
15 0.7429805615550756 0.4411993769470405 0.006839452843772498 0.014797507788161994
15 0.7084233261339092 0.18925233644859812 0.007199424046076314 0.01557632398753894
15 0.7084233261339092 0.13901869158878505 0.007199424046076314 0.014797507788161994
15 0.7084233261339092 0.2398753894080997 0.007199424046076314 0.014797507788161994
15 0.7433405327573794 0.22975077881619937 0.006839452843772498 0.018691588785046728
15 0.7431605471562275 0.36565420560747663 0.006839452843772498 0.014797507788161994
15 0.7084233261339092 0.3660436137071651 0.006839452843772498 0.01557632398753894
15 0.7084233261339092 0.4411993769470405 0.006839452843772498 0.01557632398753894
1 0.2059035277177826 0.6639408099688473 0.012958963282937365 0.028037383177570093
1 0.18286537077033838 0.6643302180685359 0.01259899208063355 0.028037383177570093
1 0.18286537077033838 0.7387071651090342 0.012958963282937365 0.028037383177570093
1 0.2174226061915047 0.7387071651090342 0.01331893448524118 0.02881619937694704
1 0.19456443484521238 0.9661214953271028 0.012958963282937365 0.027258566978193146
1 0.2174226061915047 0.8656542056074766 0.012958963282937365 0.028037383177570093
1 0.18286537077033838 0.8652647975077882 0.01259899208063355 0.028037383177570093
11 0.14758819294456443 0.5611370716510904 0.008639308855291577 0.019470404984423675
15 0.10277177825773938 0.9700155763239875 0.006839452843772498 0.014797507788161994
15 0.0550755939524838 0.9657320872274143 0.004319654427645789 0.007009345794392523
1 0.3806695464362851 0.7394859813084113 0.012958963282937365 0.028037383177570093
1 0.380849532037437 0.8142523364485982 0.01331893448524118 0.028037383177570093
1 0.380849532037437 0.9154984423676013 0.012958963282937365 0.028037383177570093
1 0.31083513318934486 0.6635514018691588 0.012958963282937365 0.028037383177570093
1 0.34521238300935925 0.8142523364485982 0.01259899208063355 0.02881619937694704
1 0.34539236861051115 0.7398753894080997 0.01259899208063355 0.028037383177570093
1 0.3806695464362851 0.6635514018691588 0.012958963282937365 0.027258566978193146
1 0.32181425485961124 0.9151090342679128 0.01331893448524118 0.02881619937694704
1 0.31047516198704106 0.7398753894080997 0.01259899208063355 0.028037383177570093
1 0.26439884809215264 0.9151090342679128 0.012958963282937365 0.02881619937694704
1 0.3101151907847372 0.8150311526479751 0.01259899208063355 0.028037383177570093
1 0.380849532037437 0.9890965732087228 0.01331893448524118 0.01557632398753894
11 0.275377969762419 0.5615264797507789 0.010439164866810655 0.018691588785046728
1 0.32217422606191504 0.9863707165109035 0.013678905687544997 0.02102803738317757
1 0.26439884809215264 0.9867601246105919 0.01331893448524118 0.020249221183800622
1 0.34539236861051115 0.6639408099688473 0.01259899208063355 0.028037383177570093
1 0.2755579553635709 0.5 0.01259899208063355 0.003115264797507788
11 0.5435565154787617 0.8142523364485982 0.01079913606911447 0.02336448598130841
11 0.5426565874730022 0.5626947040498442 0.010079193664506839 0.022585669781931463
1 0.61321094312455 0.5833333333333334 0.012958963282937365 0.01791277258566978
1 0.6133909287257019 0.5985202492211839 0.01331893448524118 0.00778816199376947
15 0.7429805615550756 0.5669781931464174 0.0064794816414686825 0.014797507788161994