0 0.21220302375809935 0.4252336448598131 0.011519078473722102 0.024922118380062305
0 0.21256299496040318 0.35630841121495327 0.011879049676025918 0.024922118380062305
11 0.18103671706263502 0.4929750778816199 0.007476601871850266 0.021690031152647903
0 0.2546796256299496 0.3559190031152648 0.011879049676025918 0.024922118380062305
0 0.25456443484521235 0.4252336448598131 0.011879049676025918 0.024922118380062305
0 0.39200863930885527 0.35630841121495327 0.011519078473722102 0.024922118380062305
0 0.296976241900648 0.35630841121495327 0.011519078473722102 0.024922118380062305
0 0.296976241900648 0.4248442367601246 0.011519078473722102 0.024922118380062305
0 0.3392728581713463 0.35630841121495327 0.011519078473722102 0.024922118380062305
0 0.45518358531317493 0.35630841121495327 0.011159107271418287 0.024922118380062305
0 0.45500359971202303 0.4248442367601246 0.011519078473722102 0.02570093457943925
0 0.3921886249100072 0.4248442367601246 0.012239020878329733 0.024922118380062305
0 0.3392728581713463 0.4252336448598131 0.011879049676025918 0.024922118380062305
4 0.2579157667386609 0.19898753894080998 0.010431965442764585 0.016347352024922126
11 0.296699064074874 0.49288940809968845 0.009661627069834384 0.014595015576323995
15 0.42026637868970484 0.367601246105919 0.00755939524838013 0.014018691588785047
15 0.36591072714182865 0.3679906542056075 0.00755939524838013 0.014018691588785047
13 0.4406047516198704 0.19820872274143303 0.003599712023038157 0.2118380062305296
15 0.27141828653707706 0.367601246105919 0.00755939524838013 0.014018691588785047
15 0.23087113030957523 0.36771028037383174 0.008027357811375074 0.01502336448598128
0 0.5082793376529877 0.4248442367601246 0.011879049676025918 0.02570093457943925
0 0.5082793376529877 0.35669781931464173 0.011879049676025918 0.024922118380062305
11 0.5393844492440605 0.4929750778816199 0.00811735061195111 0.023823987538940748
14 0.5714542836573074 0.19781931464174454 0.007919366450683946 0.010903426791277258
15 0.5892728581713463 0.4781931464174455 0.006839452843772498 0.01557632398753894
14 0.5714542836573074 0.21066978193146418 0.00827933765298776 0.010903426791277258
4 0.6579661627069834 0.17409657320872274 0.010007199424046142 0.0149688473520249
3 0.6578473722102232 0.49221183800623053 0.0064794816414686825 0.011682242990654205
10 0.5945032397408208 0.242297507788162 0.011897048236141175 0.016518691588785075
11 0.5462562994960403 0.3917445482866044 0.0032397408207343412 0.09501557632398754
13 0.5286177105831533 0.3679906542056075 0.00755939524838013 0.014018691588785047
3 0.6259899208063355 0.4462616822429907 0.0064794816414686825 0.011682242990654205
11 0.5395968322534197 0.28894080996884736 0.008639308855291577 0.016355140186915886
3 0.6259899208063355 0.3088006230529595 0.0064794816414686825 0.011682242990654205
3 0.5944924406047516 0.37772585669781933 0.0064794816414686825 0.010903426791277258
3 0.6259899208063355 0.3773364485981308 0.0064794816414686825 0.011682242990654205
13 0.49352051835853133 0.1970404984423676 0.003599712023038157 0.2102803738317757
3 0.5943772498200144 0.10471183800623052 0.006612670986321055 0.008652647975077893
4 0.6582181425485961 0.39552180685358257 0.010403167746580306 0.016580996884735175
4 0.46939884809215265 0.1985981308411215 0.010791936645068402 0.015568535825545179
15 0.4740820734341253 0.367601246105919 0.00755939524838013 0.014018691588785047
3 0.6896184305255579 0.14983644859813083 0.006670266378689777 0.007951713395638613
3 0.6893844492440604 0.10475077881619937 0.007275017998560129 0.008566978193146417
3 0.6576673866090713 0.3781152647975078 0.0064794816414686825 0.010903426791277258
3 0.5944924406047516 0.44587227414330216 0.0064794816414686825 0.010903426791277258
3 0.6896580273578113 0.2417834890965732 0.007105831533477243 0.008652647975077893
3 0.6894600431965443 0.19578660436137071 0.006706263498920125 0.00950934579439253
3 0.68943124550036 0.37797507788161994 0.0062958963282936575 0.010404984423676024
3 0.6576673866090713 0.3088006230529595 0.006839452843772498 0.010903426791277258
3 0.5946616270698344 0.14988317757009345 0.007181425485961058 0.008652647975077893
3 0.5946724262059035 0.30957943925233644 0.0064794816414686825 0.010903426791277258
3 0.7210223182145429 0.49221183800623053 0.0064794816414686825 0.011682242990654205
3 0.7208423326133909 0.3773364485981308 0.0064794816414686825 0.010903426791277258
11 0.7194024478041756 0.2881619937694704 0.0064794816414686825 0.014797507788161994
3 0.7210223182145429 0.309190031152648 0.0064794816414686825 0.010903426791277258
3 0.7210223182145429 0.10475077881619937 0.0064794816414686825 0.00778816199376947
3 0.7212023038156947 0.15031152647975077 0.0064794816414686825 0.00778816199376947
0 0.2126781857451404 0.5852803738317757 0.011519078473722102 0.02570093457943925
0 0.22300215982721383 0.8590342679127726 0.011519078473722102 0.024922118380062305
0 0.21238300935925125 0.7683021806853583 0.011519078473722102 0.024922118380062305
0 0.21220302375809935 0.6534267912772586 0.011879049676025918 0.02570093457943925
11 0.15971562275017998 0.8820093457943925 0.008639308855291577 0.0132398753894081
15 0.2159827213822894 0.6257788161993769 0.006839452843772498 0.01557632398753894
3 0.07697624190064795 0.8142834890965732 0.007080633549316061 0.010973520249221297
3 0.09809215262778978 0.8144470404984424 0.007383009359251257 0.011300623052959672
4 0.13002519798416126 0.8386760124610592 0.009870410367170611 0.01690809968847355
15 0.2159827213822894 0.7098909657320872 0.007199424046076314 0.014797507788161994
3 0.09791216702663787 0.8598130841121495 0.0064794816414686825 0.009345794392523364
3 0.1191972642188625 0.814190031152648 0.006929445644348452 0.011168224299065534
13 0.12796976241900648 0.4979595015576324 0.09683225341972643 0.01966510903426791
3 0.14028437724982 0.8136682242990654 0.00663066954643627 0.010521806853582725
15 0.2159827213822894 0.5420560747663551 0.007199424046076314 0.014797507788161994
0 0.2865370770338373 0.8134735202492211 0.011879049676025918 0.024922118380062305
0 0.2865370770338373 0.882398753894081 0.011879049676025918 0.024922118380062305
0 0.3921886249100072 0.8134735202492211 0.011879049676025918 0.024922118380062305
0 0.32883369330453566 0.5848909657320872 0.011519078473722102 0.024922118380062305
0 0.23372570194384448 0.5852803738317757 0.012030237580993546 0.02570093457943925
0 0.36069114470842334 0.5848909657320872 0.011519078473722102 0.024922118380062305
0 0.3394528437724982 0.8134735202492211 0.011879049676025918 0.024922118380062305
0 0.3921886249100072 0.5848909657320872 0.011519078473722102 0.024922118380062305
0 0.3392728581713463 0.882398753894081 0.011879049676025918 0.02570093457943925
0 0.3921886249100072 0.882398753894081 0.011519078473722102 0.02570093457943925
0 0.32883369330453566 0.6542056074766355 0.011879049676025918 0.02570093457943925
0 0.36045716342692585 0.7222663551401869 0.012285817134629269 0.026300623052959486
0 0.24424046076313896 0.6530373831775701 0.011519078473722102 0.02570093457943925
0 0.32901367890568756 0.7215732087227414 0.011519078473722102 0.02570093457943925
0 0.36069114470842334 0.653816199376947 0.011879049676025918 0.02570093457943925
0 0.39200863930885527 0.6534267912772586 0.011879049676025918 0.024922118380062305
4 0.36037437005039596 0.6753426791277258 0.0064794816414686825 0.0132398753894081
4 0.3390928725701944 0.8481308411214953 0.005759539236861051 0.012461059190031152
0 0.39200863930885527 0.7219626168224299 0.011519078473722102 0.024922118380062305
4 0.36537077033837295 0.5046884735202493 0.010305975521958282 0.017570093457943883
0 0.24424046076313896 0.7679127725856698 0.011519078473722102 0.02570093457943925
13 0.21726061915046796 0.49721962616822424 0.04496040316774661 0.020358255451713474
13 0.408207343412527 0.49697819314641745 0.04319654427645788 0.018504672897196255
0 0.603671706263499 0.5163551401869159 0.011519078473722102 0.02570093457943925
11 0.541126709863211 0.721892523364486 0.009539236861051115 0.020677570093457907
4 0.5478797696184305 0.5327258566978194 0.010403167746580306 0.018193146417445405
13 0.38942044636429085 0.19451713395638628 0.008808495320374298 0.21189252336448594
13 0.3360439164866811 0.19844236760124612 0.007771778257739352 0.2175
13 0.28344852411807053 0.1973208722741433 0.008290136789056865 0.2152570093457944
13 0.23070194384449244 0.19700934579439253 0.007152627789776779 0.2121651090342679
13 0.17794456443484521 0.1960436137071651 0.006558675305975532 0.21023364485981308
13 0.11177465802735781 0.26859034267912774 0.06497840172786176 0.021277258566978232
13 0.12786897048236143 0.3830607476635514 0.09657307415406767 0.02321651090342675
13 0.1286141108711303 0.611993769470405 0.09925485961123111 0.02192367601246113
13 0.12757019438444925 0.725809968847352 0.09836213102951764 0.023862928348909736
13 0.17511159107271418 0.8251246105919003 0.006853851691864638 0.09866822429906547
13 0.3130633549316055 0.5037538940809969 0.04590352771778257 0.014828660436137044
13 0.5034305255579553 0.503006230529595 0.046497480201583896 0.016767912772585648
13 0.5478437724982002 0.597803738317757 0.007750179985601224 0.09931464174454828
13 0.5466522678185745 0.7793380062305295 0.005363570914326887 0.09995327102803732
13 0.5478437724982002 0.3917601246105919 0.007750179985601224 0.10253894080996886
15 0.31224262059035274 0.3680451713395639 0.008189344852411807 0.014766355140186944
4 0.12960403167746581 0.5615031152647976 0.009553635709143256 0.01791277258566978
3 0.6259575233981282 0.104595015576324 0.007293016558675385 0.01004672897196261
3 0.657922966162707 0.10474299065420561 0.006763858891288684 0.010327102803738311
3 0.7214542836573075 0.104595015576324 0.00888768898488123 0.010615264797507785
3 0.6580561555075594 0.15007788161993768 0.00755939524838013 0.008605919003115274
3 0.6260907127429806 0.15021806853582553 0.00755939524838013 0.009470404984423695
3 0.6258927285817135 0.19642523364485984 0.007163426925845965 0.010615264797507807
3 0.5941936645068395 0.19598909657320876 0.006897048236141057 0.010327102803738332
3 0.6579877609791217 0.19527258566978192 0.007426205903527757 0.007749221183800614
3 0.6261555075593953 0.2420482866043614 0.007426205903527757 0.010046728971962599
3 0.6574586033117351 0.2417601246105919 0.007426205903527757 0.009470404984423652
3 0.721321094312455 0.19656542056074766 0.007030237580993593 0.0091822429906542
3 0.6895536357091433 0.30876168224299066 0.006897048236141057 0.01262461059190034
3 0.6894240460763139 0.4925623052959502 0.006630669546436312 0.014057632398753859
3 0.6577249820014399 0.44636292834890967 0.006630669546436312 0.012336448598130777
14 0.5715550755939525 0.4498286604361371 0.005579553635709143 0.019174454828660353
14 0.5773254139668826 0.4491744548286604 0.00546076313894891 0.018901869158878492
14 0.5824658027357811 0.4491744548286604 0.004460043196544231 0.01851246105919002
2 0.562260619150468 0.8700545171339564 0.008264938804895622 0.013411214953270871
2 0.17251619870410367 0.8968769470404984 0.00501799856011521 0.018520249221183956
2 0.19937365010799138 0.8627102803738318 0.007969762419006515 0.01021806853582546
3 0.11879769618430525 0.8598208722741433 0.007969762419006475 0.012087227414330205
3 0.1402555795536357 0.8594470404984423 0.006612670986321096 0.011386292834890881
17 0.7214722822174227 0.44202492211838 0.010712742980561634 0.021479750778816142
17 0.706317494600432 0.4425934579439252 0.010712742980561634 0.021479750778816142
17 0.6909035277177825 0.4417445482866044 0.010712742980561634 0.02204828660436133
17 0.6753599712023038 0.4417445482866044 0.010971922246220308 0.020911214953270956
14 0.35011159107271417 0.5410591900311527 0.005820734341252726 0.01488317757009338