1 0.19852411807055437 0.44431464174454827 0.014038876889848811 0.016355140186915886
1 0.19888408927285817 0.2971183800623053 0.014038876889848811 0.016355140186915886
9 0.19870410367170627 0.3707165109034268 0.014038876889848811 0.01557632398753894
4 0.21310295176385888 0.3718847352024922 0.003599712023038157 0.008566978193146417
3 0.2224622030237581 0.2523364485981308 0.0025197984161267097 0.005451713395638629
3 0.1970842332613391 0.2515576323987539 0.003599712023038157 0.006230529595015576
1 0.3299136069114471 0.16822429906542055 0.007199424046076314 0.030373831775700934
1 0.2755579553635709 0.4092679127725857 0.00755939524838013 0.030373831775700934
1 0.3932685385169186 0.09813084112149532 0.00755939524838013 0.030373831775700934
1 0.2755579553635709 0.33216510903426794 0.007199424046076314 0.030373831775700934
1 0.3569114470842333 0.1678348909657321 0.00755939524838013 0.030373831775700934
1 0.3932685385169186 0.17095015576323988 0.00755939524838013 0.03115264797507788
1 0.24010079193664507 0.3309968847352025 0.014398848092152628 0.01557632398753894
1 0.24010079193664507 0.4092679127725857 0.014038876889848811 0.016355140186915886
9 0.4325053995680346 0.09813084112149532 0.00755939524838013 0.029595015576323987
1 0.4321454283657307 0.17172897196261683 0.00755939524838013 0.03115264797507788
1 0.4600251979841613 0.17172897196261683 0.00859971202303811 0.03115264797507788
1 0.46004319654427644 0.09813084112149532 0.007915766738660828 0.030373831775700934
3 0.23704103671706264 0.4727414330218069 0.003599712023038157 0.007009345794392523
4 0.27955363570914327 0.4742990654205608 0.003959683225341973 0.008566978193146417
3 0.2780777537796976 0.2515576323987539 0.004319654427645789 0.006230529595015576
3 0.3185745140388769 0.4727414330218069 0.003599712023038157 0.007009345794392523
13 0.423866090712743 0.36409657320872274 0.0028797696184305254 0.1806853582554517
4 0.3932685385169186 0.13434579439252337 0.004319654427645789 0.009345794392523364
3 0.26403887688984884 0.4727414330218069 0.0032397408207343412 0.006230529595015576
11 0.3207343412526998 0.2219626168224299 0.003599712023038157 0.008566978193146417
13 0.30795536357091435 0.3644859813084112 0.0032397408207343412 0.1806853582554517
3 0.3597912167026638 0.25194704049844235 0.004319654427645789 0.006230529595015576
13 0.3488120950323974 0.36409657320872274 0.0032397408207343412 0.1806853582554517
13 0.4244060475161987 0.36409657320872274 0.0021598272138228943 0.1822429906542056
16 0.3335925125989921 0.18982866043613708 0.005917926565874749 0.008933021806853604
1 0.5140388768898488 0.09813084112149532 0.00755939524838013 0.030373831775700934
1 0.4866810655147588 0.09774143302180685 0.00755939524838013 0.03115264797507788
1 0.4866810655147588 0.17172897196261683 0.00755939524838013 0.030373831775700934
1 0.5138588912886969 0.17133956386292834 0.00755939524838013 0.029595015576323987
3 0.5349172066234701 0.13356697819314642 0.003959683225341973 0.007009345794392523
3 0.5349172066234701 0.0895638629283489 0.003959683225341973 0.006230529595015576
3 0.6639668826493881 0.19781931464174454 0.003599712023038157 0.006230529595015576
3 0.6231101511879049 0.07982866043613707 0.003599712023038157 0.006230529595015576
3 0.6639668826493881 0.13862928348909656 0.0032397408207343412 0.006230529595015576
3 0.6438084953203743 0.07982866043613707 0.003599712023038157 0.006230529595015576
3 0.584053275737941 0.18925233644859812 0.003959683225341973 0.007009345794392523
3 0.6642332613390929 0.07982866043613707 0.0032397408207343412 0.005451713395638629
3 0.5635349172066235 0.1896417445482866 0.003599712023038157 0.006230529595015576
3 0.5842332613390929 0.10124610591900311 0.003599712023038157 0.006230529595015576
3 0.5637149028077754 0.14524922118380063 0.0032397408207343412 0.005451713395638629
17 0.652267818574514 0.13200934579439252 0.007919366450683946 0.018691588785046728
3 0.6868250539956804 0.2523364485981308 0.004679625629949604 0.006230529595015576
14 0.6241900647948164 0.2176791277258567 0.0032397408207343412 0.010903426791277258
3 0.6029517638588913 0.09306853582554517 0.0028797696184305254 0.006230529595015576
3 0.5232181425485961 0.25194704049844235 0.004319654427645789 0.006230529595015576
3 0.6895248380129589 0.07671339563862928 0.0028797696184305254 0.00778816199376947
4 0.5143988480921526 0.13629283489096572 0.004319654427645789 0.009345794392523364
3 0.5091792656587473 0.4727414330218069 0.003959683225341973 0.006230529595015576
3 0.5912526997840173 0.4727414330218069 0.003599712023038157 0.006230529595015576
3 0.6031317494600432 0.1662772585669782 0.003599712023038157 0.006230529595015576
3 0.583873290136789 0.14524922118380063 0.003599712023038157 0.006230529595015576
3 0.468682505399568 0.25194704049844235 0.004679625629949604 0.006230529595015576
10 0.6438084953203743 0.19742990654205608 0.003599712023038157 0.007009345794392523
3 0.5633549316054716 0.47313084112149534 0.003599712023038157 0.006230529595015576
13 0.6555075593952484 0.3648753894080997 0.0028797696184305254 0.1838006230529595
4 0.5745140388768899 0.14602803738317757 0.004319654427645789 0.008566978193146417
16 0.6808855291576674 0.1970404984423676 0.004319654427645789 0.0132398753894081
3 0.6895248380129589 0.12188473520249221 0.0025197984161267097 0.005451713395638629
3 0.6310295176385889 0.2523364485981308 0.0025197984161267097 0.006230529595015576
13 0.6146508279337654 0.36409657320872274 0.0032397408207343412 0.18146417445482865
11 0.564434845212383 0.07827102803738317 0.003959683225341973 0.008566978193146417
4 0.5768538516918646 0.47390965732087226 0.003959683225341973 0.00778816199376947
14 0.6195104391648668 0.2176791277258567 0.0032397408207343412 0.010903426791277258
3 0.6457883369330454 0.4727414330218069 0.003599712023038157 0.006230529595015576
3 0.6726061915046796 0.4727414330218069 0.0028797696184305254 0.006230529595015576
4 0.5228077753779697 0.36777258566978194 0.003959683225341973 0.008566978193146417
3 0.5503959683225342 0.25194704049844235 0.004319654427645789 0.005451713395638629
14 0.6283297336213103 0.21784267912772584 0.005039596832253419 0.011230529595015545
1 0.8034557235421166 0.3309968847352025 0.00755939524838013 0.030373831775700934
1 0.7678185745140389 0.3309968847352025 0.00755939524838013 0.030373831775700934
1 0.7098632109431245 0.10007788161993769 0.00755939524838013 0.030373831775700934
1 0.7676385889128869 0.4077102803738318 0.00755939524838013 0.030373831775700934
1 0.8034557235421166 0.4077102803738318 0.00755939524838013 0.030373831775700934
1 0.6981641468682506 0.1853582554517134 0.013678905687544997 0.016355140186915886
1 0.7354211663066955 0.18574766355140188 0.014038876889848811 0.016355140186915886
9 0.7368610511159107 0.10046728971962617 0.007919366450683946 0.030373831775700934
10 0.8358243340532757 0.3399532710280374 0.004013678905687414 0.00778816199376947
3 0.7883369330453563 0.4583333333333333 0.003959683225341973 0.007009345794392523
4 0.7213822894168467 0.10085669781931464 0.003599712023038157 0.00778816199376947
13 0.824154067674586 0.13356697819314642 0.0032397408207343412 0.13707165109034267
3 0.7271418286537077 0.4727414330218069 0.003959683225341973 0.007009345794392523
13 0.906047516198704 0.1351246105919003 0.003959683225341973 0.13551401869158877
3 0.8358531317494601 0.2811526479750779 0.003599712023038157 0.007009345794392523
3 0.8360331173506119 0.3987538940809969 0.003959683225341973 0.007009345794392523
3 0.7955363570914327 0.2523364485981308 0.004679625629949604 0.006230529595015576
4 0.7172426205903528 0.36721183800623053 0.004319654427645789 0.008566978193146417
3 0.7140028797696184 0.2523364485981308 0.004679625629949604 0.006230529595015576
4 0.8876889848812095 0.31697819314641745 0.003959683225341973 0.00778816199376947
3 0.8158747300215983 0.45794392523364486 0.003959683225341973 0.007009345794392523
3 0.8054355651547876 0.27842679127725856 0.0021598272138228943 0.003894080996884735
4 0.8864290856731462 0.1409657320872274 0.003599712023038157 0.00778816199376947
13 0.7834773218142549 0.13473520249221183 0.0032397408207343412 0.13395638629283488
11 0.8322534197264219 0.24532710280373832 0.004319654427645789 0.012461059190031152
1 0.19222462203023757 0.6670560747663551 0.007199424046076314 0.03115264797507788
1 0.19582433405327573 0.8792834890965732 0.007199424046076314 0.030373831775700934
1 0.19600431965442763 0.8056853582554517 0.007919366450683946 0.03115264797507788
1 0.19222462203023757 0.5833333333333334 0.007199424046076314 0.031931464174454825
1 0.2228221742260619 0.8792834890965732 0.00755939524838013 0.030373831775700934
1 0.19564434845212383 0.5058411214953271 0.014398848092152628 0.014797507788161994
1 0.2228221742260619 0.8056853582554517 0.00755939524838013 0.030373831775700934
3 0.21706263498920086 0.7523364485981309 0.003959683225341973 0.00778816199376947
3 0.18970482361411087 0.7531152647975078 0.003959683225341973 0.007009345794392523
3 0.21670266378689704 0.5607476635514018 0.003599712023038157 0.007009345794392523
3 0.21652267818574514 0.6199376947040498 0.003599712023038157 0.00778816199376947
16 0.20825773938084952 0.6980763239875389 0.00578833693304533 0.011168224299065357
1 0.44438444924406045 0.573208722741433 0.007199424046076314 0.030373831775700934
1 0.3799496040316775 0.8843457943925234 0.007199424046076314 0.030373831775700934
1 0.30633549316054715 0.8792834890965732 0.00755939524838013 0.029595015576323987
1 0.33369330453563717 0.8788940809968847 0.00755939524838013 0.030373831775700934
1 0.2791576673866091 0.8788940809968847 0.00755939524838013 0.030373831775700934
1 0.45788336933045354 0.8045171339563862 0.005759539236861051 0.03115264797507788
1 0.44438444924406045 0.6495327102803738 0.00755939524838013 0.030373831775700934
1 0.2789776817854572 0.8056853582554517 0.00755939524838013 0.030373831775700934
1 0.3799496040316775 0.8255451713395638 0.007199424046076314 0.03115264797507788
1 0.30651547876169905 0.8052959501557633 0.00755939524838013 0.030373831775700934
1 0.33369330453563717 0.8056853582554517 0.00755939524838013 0.030373831775700934
3 0.3003959683225342 0.7523364485981309 0.003959683225341973 0.00778816199376947
10 0.24424046076313896 0.7523364485981309 0.0032397408207343412 0.008566978193146417
3 0.24406047516198703 0.8707165109034268 0.003599712023038157 0.007009345794392523
3 0.24424046076313896 0.8115264797507789 0.003959683225341973 0.00778816199376947
4 0.23470122390208784 0.8123052959501558 0.004319654427645789 0.010124610591900311
4 0.314434845212383 0.7558411214953271 0.004319654427645789 0.008566978193146417
3 0.3275737940964723 0.7527258566978193 0.003599712023038157 0.00778816199376947
3 0.429625629949604 0.7702492211838006 0.0028797696184305254 0.004672897196261682
3 0.42746580273578116 0.7383177570093458 0.0032397408207343412 0.005451713395638629
3 0.3545716342692585 0.8703271028037384 0.003959683225341973 0.007009345794392523
3 0.3547516198704104 0.8115264797507789 0.003599712023038157 0.008566978193146417
3 0.3543916486681066 0.7535046728971962 0.0032397408207343412 0.006230529595015576
3 0.4137868970482361 0.6199376947040498 0.0032397408207343412 0.007009345794392523
13 0.31475881929445637 0.507227414330218 0.16548956083513316 0.014844236760124568
3 0.33585313174946 0.7176791277258567 0.0021598272138228943 0.003894080996884735
3 0.37634989200863933 0.7180685358255452 0.0017998560115190785 0.003894080996884735
3 0.31569474442044637 0.7176791277258567 0.0025197984161267097 0.003894080996884735
3 0.4286825053995681 0.8070171339563863 0.004762419006479488 0.0059034267912772016
1 0.4798416126709863 0.5728193146417445 0.00755939524838013 0.030373831775700934
1 0.4798416126709863 0.6495327102803738 0.00755939524838013 0.03115264797507788
1 0.5982721382289417 0.5459501557632399 0.00755939524838013 0.030373831775700934
1 0.5181785457163427 0.882398753894081 0.00755939524838013 0.030373831775700934
1 0.5390568754499641 0.6362928348909658 0.014038876889848811 0.01557632398753894
1 0.6412886969042476 0.6950934579439252 0.014398848092152628 0.016355140186915886
1 0.4908207343412527 0.809190031152648 0.007919366450683946 0.030373831775700934
1 0.6430885529157667 0.5346573208722741 0.014038876889848811 0.016355140186915886
1 0.4908207343412527 0.8820093457943925 0.00755939524838013 0.030373831775700934
1 0.6785457163426926 0.5346573208722741 0.014038876889848811 0.016355140186915886
1 0.5710943124550036 0.5459501557632399 0.00755939524838013 0.030373831775700934
1 0.6072714182865371 0.6359034267912772 0.014398848092152628 0.01557632398753894
1 0.5732541396688265 0.6950934579439252 0.014038876889848811 0.016355140186915886
1 0.5390568754499641 0.6950934579439252 0.014038876889848811 0.016355140186915886
1 0.6753059755219583 0.6950934579439252 0.014398848092152628 0.016355140186915886
1 0.6139308855291576 0.6947040498442367 0.014398848092152628 0.016355140186915886
1 0.6411087113030958 0.6362928348909658 0.014038876889848811 0.01557632398753894
9 0.5732541396688265 0.6362928348909658 0.013678905687544997 0.016355140186915886
9 0.5181785457163427 0.809190031152648 0.00755939524838013 0.03115264797507788
9 0.6754859611231101 0.6359034267912772 0.014038876889848811 0.016355140186915886
3 0.5323974082073434 0.8150311526479751 0.003959683225341973 0.007009345794392523
3 0.4917206623470122 0.7710280373831776 0.003599712023038157 0.006230529595015576
3 0.6193304535637149 0.5225856697819314 0.003599712023038157 0.00778816199376947
14 0.521418286537077 0.602803738317757 0.004679625629949604 0.012461059190031152
16 0.470662347012239 0.7807632398753894 0.004319654427645789 0.012461059190031152
3 0.5970122390208783 0.786993769470405 0.003599712023038157 0.005451713395638629
3 0.6193304535637149 0.5665887850467289 0.003599712023038157 0.007009345794392523
3 0.6173506119510439 0.7873831775700935 0.003599712023038157 0.005451713395638629
3 0.5323974082073434 0.8734423676012462 0.003599712023038157 0.007009345794392523
3 0.5188984881209503 0.7706386292834891 0.003599712023038157 0.007009345794392523
3 0.6376889848812095 0.786993769470405 0.003599712023038157 0.006230529595015576
3 0.6600071994240461 0.8851246105919003 0.003959683225341973 0.007009345794392523
3 0.5091792656587473 0.5767133956386293 0.0032397408207343412 0.005451713395638629
3 0.4830093592512599 0.7071495327102804 0.00417566594672423 0.008528037383177605
3 0.5561555075593952 0.7873831775700935 0.003599712023038157 0.006230529595015576
4 0.5851331893448524 0.5455607476635514 0.003959683225341973 0.008566978193146417
3 0.6726061915046796 0.7375389408099688 0.003599712023038157 0.007009345794392523
3 0.5637149028077754 0.7383177570093458 0.0032397408207343412 0.006230529595015576
3 0.6600071994240461 0.7671339563862928 0.004319654427645789 0.00778816199376947
3 0.5561555075593952 0.8757788161993769 0.003599712023038157 0.006230529595015576
3 0.5381569474442045 0.5284267912772586 0.0021598272138228943 0.003894080996884735
3 0.5766738660907127 0.8757788161993769 0.003599712023038157 0.005451713395638629
3 0.6378689704823615 0.8317757009345794 0.003599712023038157 0.006230529595015576
14 0.5388768898488121 0.7897196261682243 0.004679625629949604 0.00778816199376947
3 0.6378689704823615 0.8769470404984424 0.003599712023038157 0.007009345794392523
3 0.5091792656587473 0.6943146417445483 0.0032397408207343412 0.005451713395638629
4 0.5734341252699784 0.6647196261682243 0.004319654427645789 0.008566978193146417
14 0.5386969042476601 0.7819314641744548 0.005039596832253419 0.006230529595015576
4 0.6751259899208063 0.6647196261682243 0.003959683225341973 0.008566978193146417
3 0.6598560115190785 0.8263317757009345 0.0038228941684664832 0.007492211838006146
11 0.5088192944564435 0.7250778816199377 0.003959683225341973 0.011682242990654205
14 0.5538156947444205 0.5218068535825545 0.004679625629949604 0.008566978193146417
16 0.6283801295896329 0.5881308411214953 0.004776817854571628 0.014252336448598095
14 0.5244780417566595 0.6031931464174455 0.004679625629949604 0.011682242990654205
3 0.5082793376529877 0.5183021806853583 0.0021598272138228943 0.004672897196261682
14 0.5538156947444205 0.5323208722741433 0.004319654427645789 0.006230529595015576
3 0.5491360691144709 0.9174454828660437 0.0025197984161267097 0.006230529595015576
4 0.5257379409647228 0.8411214953271028 0.004319654427645789 0.010903426791277258
1 0.7951763858891289 0.5852803738317757 0.007199424046076314 0.030373831775700934
1 0.8983081353491721 0.5973520249221184 0.014038876889848811 0.016355140186915886
1 0.7102231821454283 0.5241433021806854 0.014038876889848811 0.016355140186915886
1 0.8034557235421166 0.6740654205607477 0.014398848092152628 0.01557632398753894
1 0.8983081353491721 0.6732866043613707 0.014038876889848811 0.01557632398753894
1 0.7095032397408207 0.6362928348909658 0.014038876889848811 0.01557632398753894
1 0.7670986321094313 0.6740654205607477 0.014398848092152628 0.016355140186915886
9 0.7681785457163427 0.5856697819314641 0.00755939524838013 0.030373831775700934
1 0.7102231821454283 0.5681464174454829 0.014398848092152628 0.016355140186915886
1 0.85943124550036 0.5969626168224299 0.014038876889848811 0.016355140186915886
1 0.7093232541396688 0.6943146417445483 0.014398848092152628 0.016355140186915886
1 0.8596112311015118 0.6732866043613707 0.014038876889848811 0.016355140186915886
3 0.8290136789056876 0.6931464174454829 0.0032397408207343412 0.00778816199376947
3 0.808675305975522 0.7375389408099688 0.003599712023038157 0.007009345794392523
3 0.8360331173506119 0.7379283489096573 0.003959683225341973 0.00778816199376947
3 0.7269618430525558 0.7379283489096573 0.004319654427645789 0.007009345794392523
3 0.8290136789056876 0.5167445482866043 0.003599712023038157 0.007009345794392523
3 0.7541396688264939 0.7371495327102804 0.003599712023038157 0.007009345794392523
14 0.7615010799136068 0.6285046728971962 0.003920086393088671 0.010124610591900311
1 0.8079553635709144 0.5112928348909658 0.013678905687544997 0.014797507788161994
3 0.8291936645068394 0.5759345794392523 0.0032397408207343412 0.007009345794392523
3 0.8099352051835853 0.5615264797507789 0.003599712023038157 0.007009345794392523
3 0.8101151907847373 0.6055295950155763 0.003599712023038157 0.007009345794392523
4 0.7827573794096472 0.5872274143302181 0.003959683225341973 0.008566978193146417
3 0.7408207343412527 0.5751557632398754 0.003599712023038157 0.007009345794392523
3 0.9175665946724262 0.7379283489096573 0.003959683225341973 0.007009345794392523
3 0.8911087113030958 0.7375389408099688 0.0028797696184305254 0.007009345794392523
13 0.7458603311735061 0.7013239875389408 0.004679625629949604 0.011682242990654205
10 0.86321094312455 0.7375389408099688 0.003599712023038157 0.007009345794392523
10 0.7397408207343412 0.5186915887850467 0.003959683225341973 0.003894080996884735
4 0.8801295896328294 0.8274922118380063 0.003959683225341973 0.008566978193146417
3 0.7405219582433406 0.6343457943925234 0.004200863930885555 0.007009345794392523
16 0.7820374370050396 0.7028816199376947 0.004319654427645789 0.012461059190031152
14 0.7659755219582434 0.6288940809968847 0.004233261339092951 0.010124610591900311
4 0.6432289416846653 0.2514408099688474 0.005827933765298796 0.015404984423675992
4 0.6032505399568034 0.36524922118380065 0.006799856011519032 0.018909657320872252
4 0.5363102951763858 0.25156542056074765 0.004334053275737928 0.014228971962616807
4 0.6390100791936645 0.12774922118380064 0.004600431965442836 0.009953271028037362
4 0.5770446364290857 0.47361370716510903 0.005075593952483769 0.010420560747663636
4 0.4115802735781137 0.3671495327102804 0.004035277177825787 0.00929127725856694
4 0.4297408207343412 0.25109813084112154 0.005208783297336141 0.015490654205607466
4 0.4321274298056156 0.13306853582554518 0.004020878329733648 0.01681464174454827
4 0.5146688264938805 0.13306853582554518 0.005626349892008679 0.01681464174454827
4 0.3252015838732901 0.36469626168224295 0.004557235421166336 0.015077881619937705
4 0.35883369330453563 0.4713785046728972 0.004823614110871163 0.016238317757009273
4 0.36111231101511876 0.5693691588785047 0.00508999280057599 0.01739096573208717
4 0.41269978401727864 0.5937149532710281 0.004823614110871163 0.016238317757009273
4 0.2588768898488121 0.5693691588785047 0.004823614110871163 0.01739096573208717
4 0.3148848092152628 0.8641978193146418 0.0058963282937365405 0.019135514018691718
4 0.4282433405327574 0.820202492211838 0.004823614110871163 0.015506230529594902
4 0.3801403887688985 0.8583956386292836 0.004557235421166254 0.01333333333333325
4 0.4920230381569474 0.7372196261682243 0.0058963282937365405 0.016814641744548223
4 0.5694708423326134 0.8294080996884735 0.008574514038876949 0.0168146417445484
4 0.631511879049676 0.8291199376947039 0.00830813534917204 0.01739096573208717
4 0.6027033837293017 0.7360591900311526 0.00535997120230377 0.014493769470404906
4 0.7048056155507559 0.8250623052959503 0.00535997120230377 0.016238317757009273
4 0.7424586033117351 0.7366433021806854 0.005626349892008679 0.020295950155763198
4 0.7990028797696185 0.8247663551401869 0.004557235421166254 0.01797507788161988
4 0.9304499640028797 0.6134345794392523 0.0058963282937365405 0.01739096573208717
4 0.8325017998560116 0.6082165109034269 0.005626349892008679 0.01739096573208717
4 0.8870374370050396 0.4861682242990654 0.0058963282937365405 0.01913551401869154
4 0.7396436285097192 0.6087928348909658 0.0058963282937365405 0.01855140186915883
4 0.8326349892008639 0.3739719626168224 0.0058963282937365405 0.019711838006230487
4 0.8875737940964722 0.3136760124610592 0.004823614110870999 0.018551401869158917
4 0.799805615550756 0.13886292834890968 0.0061627069834412854 0.01681464174454827
4 0.7589380849532037 0.2516355140186916 0.005359971202303934 0.016238317757009364
4 0.683768898488121 0.47021806853582554 0.005089992800575908 0.016238317757009273
4 0.5078365730741541 0.6032866043613707 0.004823614110871163 0.014493769470404906
4 0.2988444924406048 0.2516043613707165 0.005464362850971945 0.015514018691588752
2 0.3965262778977682 0.21613707165109033 0.0047804175665947446 0.011822429906542017
2 0.40489200863930885 0.07278816199376946 0.005806335493160586 0.010342679127725858
11 0.41804175665946725 0.08146417445482866 0.0047804175665947446 0.009976635514018693
11 0.5403131749460043 0.18694704049844235 0.004438444924406021 0.008870716510903416
10 0.5350179985601152 0.17882398753894083 0.0047804175665947446 0.008130841121495326
14 0.5304067674586033 0.19064641744548286 0.004100071994240415 0.010342679127725836
14 0.5347624190064795 0.19138629283489098 0.004953203743700583 0.012562305295950153
10 0.5643052555795537 0.10511682242990654 0.005637149028077702 0.01440809968847352
16 0.5833477321814254 0.06077881619937695 0.005122390208783304 0.012928348909657316
3 0.6030705543556515 0.2033878504672897 0.003927285817134577 0.009236760124610603
3 0.6232217422606191 0.13891744548286605 0.004611231101511859 0.008870716510903416
3 0.6235637149028078 0.19766355140186917 0.0042692584593233 0.007390965732087235
3 0.7683729301655867 0.2530841121495327 0.005295176385889142 0.007390965732087235
3 0.7609287257019439 0.45766355140186915 0.004528437724981975 0.007834890965732045
4 0.8474046076313896 0.7362694704049845 0.0049856011519079785 0.017819314641744632
11 0.8284377249820015 0.738380062305296 0.004769618430525558 0.015475077881619852
3 0.9297732181425485 0.5749454828660436 0.0049856011519079785 0.010319314641744548
3 0.9297732181425485 0.6935903426791278 0.004553635709143138 0.01125389408099692
3 0.5968466522678185 0.8750700934579438 0.005662347012239027 0.007453271028037511
3 0.6167854571634269 0.875872274143302 0.0051691864650828395 0.00692367601246096
3 0.5570878329733621 0.8321962616822429 0.006400287976961915 0.010116822429906372
3 0.5913066954643629 0.7389953271028037 0.005417566594672491 0.009057632398753979
3 0.6454823614110872 0.738341121495327 0.004636429085673186 0.006908099688473435
3 0.5102555795536358 0.7389252336448598 0.005269978401727816 0.009688473520249263
3 0.4822138228941684 0.7381464174454828 0.0039056875449963676 0.006542056074766426
3 0.4422138228941685 0.7080218068535826 0.004787616990640814 0.007904984423676084
3 0.4626241900647948 0.7073442367601246 0.005039596832253419 0.005996884735202527
3 0.3864650827933765 0.7523208722741433 0.0039056875449963676 0.008722741433021841
3 0.4293628509719222 0.8387227414330218 0.0057955363570914 0.00926791277258574
3 0.40693664506839455 0.7673130841121496 0.004787616990640814 0.008177570093457943
3 0.3568574514038877 0.7182476635514019 0.004409647228221742 0.008177570093457943
3 0.4135205183585313 0.6934501557632399 0.006317494600432031 0.00895638629283489
3 0.4140640748740101 0.5014096573208723 0.004355651547876137 0.009423676012460988
3 0.4003419726421887 0.4719626168224299 0.004355651547876137 0.009898753894081026
3 0.3462167026637869 0.47290498442367607 0.005881929445644319 0.00895638629283489
3 0.25364290856731464 0.2858177570093458 0.005010799136069141 0.008014018691588756
17 0.6526853851691865 0.1612772585669782 0.008668106551475856 0.0212538940809969
13 0.7385385169186465 0.3649610591900312 0.006198704103671716 0.17930685358255452
13 0.6979157667386608 0.36320093457943925 0.005874730021598331 0.18000778816199373
13 0.5889380849532038 0.36355140186915885 0.005874730021598331 0.1793068535825545
13 0.5481533477321814 0.3639018691588785 0.006526277897768218 0.18142523364485985
13 0.5076961843052556 0.36320093457943925 0.006526277897768218 0.18000778816199373
13 0.4672354211663067 0.3621417445482866 0.008484521238300995 0.18212616822429903
13 0.39186465082793376 0.36461059190031153 0.008484521238300995 0.1842445482866044
13 0.3150251979841613 0.5950934579439252 0.16607631389488836 0.012710280373831727
13 0.3146976241900648 0.682632398753894 0.16477321814254856 0.014119937694704135
3 0.3870266378689705 0.2523676012461059 0.005921526277897703 0.009205607476635553
3 0.44169546436285095 0.2527647975077882 0.005363570914326887 0.009205607476635553
3 0.6047732181425486 0.2525623052959502 0.005550755939524864 0.00880841121495323
10 0.9305291576673866 0.6335591900311527 0.005493160547156306 0.011222741433021871
10 0.8289020878329734 0.6352102803738318 0.004884809215262674 0.010568535825545122
10 0.7815154787616991 0.7379361370716511 0.006105111591072727 0.009244548286604277
10 0.6999964002879769 0.4736370716510903 0.004913606911447117 0.010163551401869123
10 0.7407883369330454 0.2527570093457944 0.005766738660907284 0.008317757009345755
10 0.8223758099352052 0.25461059190031154 0.0044852411807055565 0.011090342679127733
10 0.7405759539236861 0.6945093457943925 0.005766738660907284 0.008317757009345844
10 0.619049676025918 0.4768691588785046 0.006619870410367125 0.012936137071651012
10 0.53650467962563 0.47294392523364487 0.005125989920806257 0.00877725856697818
10 0.5360763138948884 0.739563862928349 0.004272858171346253 0.00877725856697818
10 0.6179841612670987 0.738177570093458 0.004913606911447117 0.007858255451713331
10 0.5079913606911447 0.5179984423676013 0.0044852411807055565 0.008317757009345844
10 0.509060475161987 0.636285046728972 0.005338372930165561 0.010163551401869123
10 0.5765478761699064 0.7876246105919003 0.004913606911447117 0.00877725856697818
10 0.6987149028077754 0.742570093457944 0.005338372930165561 0.013862928348909622
10 0.4540640748740101 0.7388707165109034 0.004697624190064861 0.007390965732087235
10 0.4092116630669546 0.8280529595015577 0.008970482361411113 0.009244548286604277
10 0.41337652987760976 0.6935903426791278 0.005338372930165561 0.009244548286604277
10 0.4145500359971202 0.5651246105919003 0.005979121670266424 0.014789719626168232
10 0.2732721382289417 0.7527336448598131 0.0044852411807055565 0.010163551401869123
10 0.21549676025917927 0.6968224299065421 0.005125989920806338 0.01570872274143308
10 0.21784737221022316 0.504595015576324 0.007260619150467989 0.009244548286604277
10 0.37343772498200145 0.47710280373831776 0.005338372930165561 0.014322429906542134
10 0.2915298776097912 0.47294392523364487 0.005554355651547899 0.00877725856697818
10 0.2507379409647228 0.2525311526479751 0.005554355651547899 0.011549844236760157
10 0.33232541396688264 0.25368380062305296 0.005125989920806338 0.009244548286604365
10 0.4146580273578114 0.25345015576323987 0.005338372930165561 0.00970404984423679
10 0.49677825773938084 0.2557632398753894 0.006835853131749382 0.014322429906542046
10 0.5784701223902088 0.25299065420560746 0.006195104391648681 0.00877725856697818
13 0.3472354211663067 0.08341121495327103 0.035143988480921484 0.012375389408099678
11 0.3887832973362131 0.2119080996884735 0.004902807775377931 0.011199376947040495
16 0.7226673866090713 0.2151479750778816 0.005176385889128909 0.01650311526479755
16 0.7550899928005759 0.36192367601246106 0.006267098632109379 0.011791277258566967
16 0.7554967602591792 0.43884735202492214 0.006537077033837241 0.011199376947040584
16 0.8188408927285816 0.36192367601246106 0.007357811375089849 0.011791277258566967
16 0.8185709143268538 0.4394392523364486 0.006810655147588219 0.011199376947040584
16 0.8745572354211663 0.565880062305296 0.0059935205183584 0.015327102803738368
16 0.9170086393088552 0.5879828660436137 0.006267098632109379 0.01591900311526484
16 0.9178761699064075 0.6814096573208722 0.004902807775377931 0.01650311526479755
16 0.8745572354211663 0.702632398753894 0.004902807775377931 0.017686915887850495
16 0.8189776817854572 0.70351246105919 0.004902807775377931 0.01591900311526484
16 0.8099856011519078 0.4919003115264798 0.00762778977681771 0.014735202492211894
16 0.7202339812814975 0.5033333333333333 0.00790136789056869 0.011791277258567056
16 0.6933801295896328 0.502803738317757 0.005449964002879724 0.015327102803738368
14 0.7401223902087832 0.14080218068535824 0.004650827933765325 0.011051401869158877
14 0.7354319654427645 0.14038940809968847 0.004575233981281429 0.01121495327102802
17 0.5908459323254139 0.8281308411214953 0.011270698344132449 0.018800623052959403
17 0.6047624190064794 0.8279828660436138 0.011677465802735801 0.01909657320872273
17 0.6183405327573794 0.8279828660436138 0.010863930885529099 0.01909657320872273
16 0.5294168466522678 0.5897352024922119 0.006202303815694751 0.011433021806853632
16 0.5291864650827933 0.5029984423676013 0.005741540676745795 0.01193146417445478
14 0.5764074874010079 0.7564096573208723 0.005399568034557235 0.008442367601246042
14 0.5766594672426206 0.765607476635514 0.004899208063354977 0.008652647975077804
14 0.5765586753059756 0.7744781931464174 0.005899928005759493 0.009524922118380076
16 0.4310439164866811 0.7051168224299066 0.006695464362850939 0.009657320872274213
16 0.43025917926565876 0.7590732087227414 0.0061627069834412854 0.009719626168224313
16 0.4307199424046076 0.6810747663551402 0.005514758819294516 0.011456386292834918
16 0.4947012239020878 0.6815576323987539 0.0063966882649387985 0.01049844236760126
16 0.4942548596112311 0.6054283489096574 0.0063966882649387985 0.010981308411214882
16 0.43105111591072715 0.6051869158878505 0.006616270698344172 0.011456386292834918
14 0.41850611951043915 0.8260202492211838 0.004866810655147582 0.008925233644859842
11 0.40524118070554355 0.8481697819314641 0.004715622750179953 0.008933021806853427
12 0.36601151907847373 0.8876323987538941 0.00548236141108712 0.006775700934579298
2 0.36356371490280776 0.7772663551401869 0.00489560835133186 0.010591900311526408
2 0.3681245500359971 0.7776401869158879 0.0044492440604751255 0.011168224299065357
2 0.2661231101511879 0.7457554517133956 0.004607631389488825 0.009968847352024886
2 0.26636069114470845 0.7357866043613707 0.005561555075593969 0.008940809968847366
14 0.251227501799856 0.7363006230529595 0.004686825053995674 0.009626168224298988
14 0.251227501799856 0.7459267912772586 0.004528437724981975 0.008940809968847366
11 0.2712742980561555 0.7386292834890965 0.00464722822174229 0.011098130841121495
11 0.3591360691144708 0.7466121495327103 0.004683225341972639 0.011144859813084069
11 0.40712742980561556 0.686082554517134 0.007491000719942385 0.011651090342679155
11 0.4072462203023758 0.7405373831775701 0.00678905687545001 0.012157320872274065
14 0.41848452123830093 0.8175311526479752 0.0053851691864650955 0.011144859813084069
16 0.25731101511879045 0.889797507788162 0.005208783297336223 0.012476635514018678
16 0.19879049676025917 0.5439641744548287 0.005979121670266343 0.00970404984423679
16 0.19942764578833694 0.4908411214953271 0.005979121670266343 0.012476635514018678
12 0.21971562275018 0.44371495327102806 0.005550755939524864 0.006931464174454899
16 0.2550503959683225 0.4379439252336449 0.0044852411807055565 0.01478193146417447
16 0.2896436285097192 0.4407165109034268 0.006191504679625646 0.01200934579439258
16 0.28985601151907847 0.36518691588785046 0.006619870410367206 0.011549844236760157
16 0.22590712742980562 0.3060514018691589 0.005550755939524864 0.014322429906542046
16 0.2892152627789777 0.2831853582554517 0.007473002159827211 0.011090342679127733
16 0.3332649388048956 0.10811526479750778 0.007868970482361374 0.011915887850467299
11 0.4147120230381569 0.46905763239875387 0.007080633549316081 0.013621495327102811
3 0.5403347732181425 0.5648130841121496 0.007015838732901289 0.009306853582554552
17 0.6032793376529878 0.1314252336448598 0.008380129589632902 0.018130841121495305
13 0.8669582433405327 0.13355919003115266 0.007408207343412501 0.14103582554517136
13 0.8862958963282938 0.2692289719626168 0.08402447804175668 0.015350467289719654
13 0.886227501799856 0.35816978193146415 0.08388408927285808 0.0132398753894081
13 0.8865730741540677 0.4472585669781931 0.08402447804175668 0.013847352024922098
13 0.8863678905687544 0.5350700934579439 0.08329373650108003 0.012733644859813013
13 0.9012634989200864 0.8292367601246106 0.007523398128149617 0.13907320872274148
13 0.8600647948164147 0.8277570093457943 0.008549316054715622 0.1375934579439253
13 0.8204931605471562 0.8267289719626169 0.009233261339092741 0.14350467289719634
13 0.7802339812814973 0.8282554517133957 0.009571634269258512 0.13981308411214952
13 0.7373218142548597 0.8270171339563863 0.008549316054715622 0.13907320872274148
13 0.6952663786897049 0.8266510903426791 0.0037616990640748087 0.13981308411214952
14 0.4238876889848812 0.7061993769470405 0.004935205183585326 0.009306853582554552
14 0.4756695464362851 0.4781931464174455 0.004197264218862439 0.010708722741433021
14 0.47991720662347015 0.47807632398753896 0.004305255579553649 0.011876947040498442
14 0.48438444924406043 0.4781931464174455 0.004625629949603999 0.012102803738317729
14 0.48868970482361407 0.4776090342679128 0.004413246940244859 0.010475077881619973
14 0.49315334773218145 0.4781931464174455 0.004305255579553649 0.011643302180685393
3 0.4890100791936645 0.5133411214953271 0.0037652987760979253 0.0130373831775701
16 0.4947696184305256 0.5162538940809969 0.004949604031677466 0.012803738317757052
16 0.39191144708423326 0.7208956386292835 0.006205903527717704 0.015911214953271077
14 0.5975629949604031 0.21746105919003117 0.005233981281497467 0.013590342679127761
14 0.6022750179985601 0.21802180685358255 0.004712023038157 0.010194704049844261