13 0.11987041036717062 0.47741433021806856 0.009359251259899209 0.008566978193146417
13 0.060655147588192945 0.3781152647975078 0.009359251259899209 0.009345794392523364
13 0.12131029517638589 0.13473520249221183 0.006119510439164867 0.008566978193146417
13 0.11411087113030957 0.46261682242990654 0.007919366450683946 0.009345794392523364
2 0.36825053995680346 0.4863707165109034 0.00827933765298776 0.016355140186915886
1 0.5111591072714183 0.2219626168224299 0.02159827213822894 0.024143302180685357
1 0.6704463642908567 0.4318535825545171 0.021238300935925127 0.024922118380062305
1 0.5109791216702664 0.17718068535825546 0.021238300935925127 0.024143302180685357
1 0.5109791216702664 0.13161993769470404 0.021238300935925127 0.024143302180685357
1 0.5734341252699784 0.17679127725856697 0.021238300935925127 0.024143302180685357
1 0.6364290856731462 0.24532710280373832 0.02159827213822894 0.024922118380062305
1 0.5736141108711303 0.24532710280373832 0.021238300935925127 0.024922118380062305
1 0.6366090712742981 0.17679127725856697 0.021238300935925127 0.024143302180685357
1 0.6846652267818575 0.2457165109034268 0.012958963282937365 0.02570093457943925
1 0.6846652267818575 0.17679127725856697 0.012958963282937365 0.024143302180685357
1 0.6859251259899208 0.4552180685358255 0.010439164866810655 0.02336448598130841
16 0.6654067674586033 0.25350467289719625 0.00755939524838013 0.016355140186915886
16 0.6079913606911447 0.25272585669781933 0.007919366450683946 0.01557632398753894
1 0.6965442764578834 0.45482866043613707 0.01079913606911447 0.024143302180685357
1 0.6952843772498201 0.24532710280373832 0.00827933765298776 0.024922118380062305
1 0.6952843772498201 0.17718068535825546 0.00827933765298776 0.024922118380062305
1 0.6704463642908567 0.6580996884735203 0.021238300935925127 0.024143302180685357
1 0.6654067674586033 0.7827102803738317 0.01079913606911447 0.045171339563862926
1 0.6654067674586033 0.9190031152647975 0.01079913606911447 0.04672897196261682
1 0.6654067674586033 0.5564641744548287 0.011159107271418287 0.045950155763239874
1 0.6859251259899208 0.7830996884735203 0.010079193664506839 0.045950155763239874
1 0.6857451403887689 0.9190031152647975 0.010079193664506839 0.04672897196261682
1 0.6857451403887689 0.5564641744548287 0.010079193664506839 0.045171339563862926
16 0.6649316054715623 0.742601246105919 0.00827933765298776 0.01791277258566978
16 0.6655867530597552 0.860981308411215 0.007919366450683946 0.016355140186915886
1 0.6965442764578834 0.6814641744548287 0.01079913606911447 0.022585669781931463
8 0.675467962562995 0.3388317757009346 0.04485961123110147 0.030062305295950175
8 0.5940892728581714 0.34785046728971963 0.04485961123110147 0.029205607476635514
8 0.5930957523398128 0.4388940809968847 0.045255579553635635 0.029205607476635514
8 0.5117134629229662 0.4414719626168224 0.04684305255579557 0.027484423676012434
8 0.44839452843772504 0.43975856697819315 0.04485961123110147 0.027484423676012434
8 0.3961915046796256 0.4393224299065421 0.024614830813534955 0.026627725856697863
4 0.4164362850971922 0.44490654205607477 0.011115910727141867 0.02404984423676021
4 0.5492296616270699 0.39079439252336445 0.009128869690424812 0.027484423676012434
4 0.6284269258459323 0.558714953271028 0.010320374370050423 0.026627725856697863
4 0.6139380849532038 0.5999376947040499 0.013894888408927253 0.10221183800623054
4 0.5115154787616991 0.33754672897196264 0.04485961123110147 0.029205607476635514
11 0.6317998560115191 0.6677959501557633 0.009924406047516258 0.031775700934579404
2 0.6208855291576674 0.6690809968847352 0.011907847372210198 0.018894080996884728
11 0.3767386609071274 0.4822741433021807 0.008732901367890648 0.028341121495327182
16 0.5373182145428366 0.2563785046728972 0.009924406047516258 0.02319314641744546
16 0.5514110871130309 0.2546651090342679 0.00952843772498193 0.02147196261682247
16 0.6077825773938085 0.25294392523364484 0.012703383729301642 0.02147196261682247
16 0.6641540676745861 0.2525155763239876 0.011907847372210198 0.02232866043613704
16 0.6647516198704104 0.39852803738317755 0.010719942404607703 0.02232866043613704
16 0.6639020878329733 0.5043847352024922 0.009906407487401 0.023621495327102747
16 0.6653203743700504 0.6231542056074766 0.008693304535637181 0.022313084112149602