1 0.14398848092152627 0.1631619937694704 0.015478761699064075 0.018691588785046728
1 0.12976961843052556 0.47079439252336447 0.01583873290136789 0.01791277258566978
1 0.21472282217422606 0.22468847352024923 0.01511879049676026 0.018691588785046728
1 0.12976961843052556 0.24026479750778817 0.01583873290136789 0.01791277258566978
1 0.20032397408207345 0.4552180685358255 0.015478761699064075 0.01791277258566978
1 0.11501079913606911 0.4400311526479751 0.015478761699064075 0.018691588785046728
1 0.12958963282937366 0.34735202492211836 0.015478761699064075 0.01791277258566978
1 0.18664506839452844 0.08566978193146417 0.01583873290136789 0.018691588785046728
1 0.171886249100072 0.3781152647975078 0.015478761699064075 0.01791277258566978
1 0.1720662347012239 0.22429906542056074 0.015478761699064075 0.01791277258566978
1 0.11519078473722102 0.27102803738317754 0.015478761699064075 0.01791277258566978
1 0.21472282217422606 0.31697819314641745 0.015478761699064075 0.01791277258566978
1 0.18664506839452844 0.14641744548286603 0.01583873290136789 0.01791277258566978
1 0.14326853851691865 0.11604361370716511 0.01583873290136789 0.018691588785046728
1 0.171886249100072 0.45482866043613707 0.015478761699064075 0.018691588785046728
1 0.11519078473722102 0.316588785046729 0.01583873290136789 0.01791277258566978
1 0.20050395968322535 0.3781152647975078 0.015478761699064075 0.01791277258566978
1 0.11519078473722102 0.20950155763239875 0.01583873290136789 0.01791277258566978
1 0.11519078473722102 0.37850467289719625 0.01583873290136789 0.01791277258566978
1 0.20050395968322535 0.27102803738317754 0.01583873290136789 0.018691588785046728
9 0.15802735781137509 0.3029595015576324 0.015478761699064075 0.018691588785046728
1 0.22588192944564434 0.14680685358255452 0.008999280057595392 0.018691588785046728
1 0.22570194384449244 0.08644859813084112 0.009359251259899209 0.018691588785046728
1 0.11519078473722102 0.49493769470404986 0.015478761699064075 0.007009345794392523
1 0.27159827213822896 0.33216510903426794 0.015478761699064075 0.01791277258566978
1 0.27159827213822896 0.28582554517133957 0.015478761699064075 0.01791277258566978
1 0.27159827213822896 0.08683800623052959 0.01583873290136789 0.018691588785046728
1 0.27159827213822896 0.14758566978193147 0.01583873290136789 0.018691588785046728
9 0.2575593952483801 0.22468847352024923 0.01511879049676026 0.018691588785046728
1 0.23380129589632828 0.14641744548286603 0.006839452843772498 0.018691588785046728
1 0.23362131029517638 0.08605919003115264 0.0064794816414686825 0.018691588785046728
9 0.24280057595392368 0.37850467289719625 0.01511879049676026 0.018691588785046728
1 0.1720662347012239 0.82398753894081 0.015478761699064075 0.018691588785046728
1 0.11537077033837292 0.5042834890965732 0.01583873290136789 0.011682242990654205
1 0.12922966162706984 0.5794392523364486 0.01583873290136789 0.018691588785046728
1 0.21454283657307416 0.8859034267912772 0.015478761699064075 0.018691588785046728
1 0.18646508279337654 0.6545950155763239 0.015478761699064075 0.018691588785046728
1 0.21472282217422606 0.82398753894081 0.015478761699064075 0.018691588785046728
1 0.11519078473722102 0.5471183800623053 0.015478761699064075 0.01791277258566978
1 0.15802735781137509 0.6701713395638629 0.015478761699064075 0.018691588785046728
1 0.17242620590352772 0.8859034267912772 0.015478761699064075 0.01791277258566978
1 0.15784737221022319 0.5938473520249221 0.015478761699064075 0.018691588785046728
1 0.12976961843052556 0.6394080996884736 0.01583873290136789 0.018691588785046728
1 0.20068394528437725 0.5323208722741433 0.01511879049676026 0.018691588785046728
1 0.1720662347012239 0.5323208722741433 0.01511879049676026 0.018691588785046728
1 0.12958963282937366 0.8699376947040498 0.015478761699064075 0.01791277258566978
9 0.15802735781137509 0.7472741433021807 0.015478761699064075 0.01791277258566978
1 0.18646508279337654 0.6086448598130841 0.01583873290136789 0.01791277258566978
1 0.12940964722822174 0.82398753894081 0.01583873290136789 0.018691588785046728
1 0.20050395968322535 0.7468847352024922 0.015478761699064075 0.018691588785046728
1 0.11501079913606911 0.7472741433021807 0.015478761699064075 0.01791277258566978
1 0.11519078473722102 0.6705607476635514 0.01583873290136789 0.018691588785046728
1 0.22570194384449244 0.6549844236760125 0.009359251259899209 0.018691588785046728
1 0.22570194384449244 0.6086448598130841 0.009359251259899209 0.018691588785046728
1 0.22552195824334054 0.5358255451713395 0.009719222462203024 0.020249221183800622
1 0.3853491720662347 0.6549844236760125 0.015478761699064075 0.01791277258566978
1 0.3002159827213823 0.6549844236760125 0.015478761699064075 0.01791277258566978
1 0.4137868970482361 0.6549844236760125 0.01583873290136789 0.018691588785046728
1 0.34287257019438444 0.655373831775701 0.015478761699064075 0.018691588785046728
1 0.3849892008639309 0.82398753894081 0.01583873290136789 0.018691588785046728
1 0.34251259899208064 0.8235981308411215 0.016198704103671708 0.018691588785046728
1 0.3853491720662347 0.6090342679127726 0.015478761699064075 0.01791277258566978
1 0.2573794096472282 0.6549844236760125 0.015478761699064075 0.018691588785046728
1 0.4136069114470842 0.8862928348909658 0.015478761699064075 0.018691588785046728
1 0.4136069114470842 0.8247663551401869 0.01511879049676026 0.018691588785046728
1 0.3851691864650828 0.8855140186915887 0.015478761699064075 0.018691588785046728
1 0.2571994240460763 0.8859034267912772 0.015478761699064075 0.018691588785046728
1 0.2573794096472282 0.6090342679127726 0.015478761699064075 0.01791277258566978
1 0.2571994240460763 0.8235981308411215 0.01583873290136789 0.018691588785046728
1 0.34251259899208064 0.8855140186915887 0.01583873290136789 0.018691588785046728
1 0.34251259899208064 0.6090342679127726 0.01583873290136789 0.01791277258566978
1 0.2431605471562275 0.5046728971962616 0.01583873290136789 0.012461059190031152
1 0.4136069114470842 0.6086448598130841 0.015478761699064075 0.018691588785046728
1 0.4562778977681785 0.6549844236760125 0.016231101511879103 0.018691588785046728
1 0.2998560115190785 0.8855140186915887 0.01583873290136789 0.018691588785046728
1 0.3000359971202304 0.8247663551401869 0.01583873290136789 0.018691588785046728
1 0.45617350611951046 0.8862928348909658 0.01601511879049668 0.018691588785046728
1 0.2431605471562275 0.7472741433021807 0.01583873290136789 0.018691588785046728
1 0.45617350611951046 0.8247663551401869 0.01644348452123824 0.018691588785046728
1 0.3000359971202304 0.6086448598130841 0.015478761699064075 0.01791277258566978
1 0.3284737221022318 0.7468847352024922 0.015478761699064075 0.018691588785046728
1 0.37095032397408206 0.7472741433021807 0.01583873290136789 0.018691588785046728
1 0.4559575233981282 0.6090342679127726 0.015590352771778239 0.018691588785046728
9 0.28563714902807774 0.7468847352024922 0.01511879049676026 0.018691588785046728
1 0.23362131029517638 0.6549844236760125 0.0064794816414686825 0.019470404984423675
9 0.4137868970482361 0.7468847352024922 0.01511879049676026 0.018691588785046728
1 0.23344132469402448 0.6090342679127726 0.006119510439164867 0.018691588785046728
1 0.23344132469402448 0.535436137071651 0.006119510439164867 0.018691588785046728
1 0.656227501799856 0.7628504672897196 0.01583873290136789 0.018691588785046728
1 0.5993520518358532 0.8714953271028038 0.01583873290136789 0.01791277258566978
1 0.6279697624190065 0.7001557632398754 0.01583873290136789 0.018691588785046728
9 0.6281497480201584 0.7628504672897196 0.01511879049676026 0.018691588785046728
9 0.656047516198704 0.7013239875389408 0.015478761699064075 0.018691588785046728
3 0.4905075593952484 0.5910436137071651 0.010039596832253373 0.012017133956386343
3 0.4876241900647948 0.6314797507788162 0.011533477321814242 0.010630841121495397
3 0.4896544276457883 0.6806931464174455 0.00790136789056869 0.014789719626168232
3 0.48986681065514753 0.7324454828660436 0.006619870410367125 0.013862928348909622
3 0.48986681065514753 0.7858255451713395 0.009611231101511814 0.00970404984423679
3 0.5675089992800576 0.6319392523364485 0.007260619150467989 0.010630841121495397
3 0.567080633549316 0.6809190031152648 0.007688984881209549 0.011549844236760068
3 0.567829373650108 0.7331386292834892 0.008329733621310249 0.011549844236760068
3 0.5671886249100072 0.7853582554517133 0.006619870410367125 0.014322429906542134
3 0.5944204463642908 0.6342523364485981 0.007688984881209549 0.012476635514018678
3 0.5939920806335492 0.6797663551401869 0.007688984881209549 0.010163551401869123
3 0.59377969762419 0.7851323987538941 0.007688984881209549 0.009244548286604277
3 0.5651583873290137 0.9477959501557632 0.007260619150467989 0.011090342679127556
3 0.5528761699064075 0.9607320872274143 0.007476601871850245 0.011090342679127556
3 0.5373902087832974 0.9704361370716511 0.007688984881209549 0.011090342679127556
3 0.5207307415406767 0.9713629283489097 0.007260619150467989 0.012017133956386166
3 0.5042872570194384 0.9614252336448599 0.007260619150467989 0.010630841121495397
3 0.49210943124550033 0.9496417445482865 0.006835853131749382 0.012936137071651189
3 0.5068502519798416 0.8031542056074766 0.00811735061195111 0.011090342679127556
3 0.516886249100072 0.8029205607476636 0.00811735061195111 0.010630841121495397
3 0.5275665946724262 0.8031542056074766 0.007688984881209549 0.011090342679127556
3 0.5384593232541396 0.8029205607476636 0.007260619150467989 0.00970404984423679
13 0.5272786177105832 0.6391433021806854 0.023185745140388715 0.01858255451713388
13 0.5283513318934485 0.6944158878504673 0.02447444204463635 0.015794392523364464
13 0.6361231101511879 0.8681308411214954 0.007300215982721454 0.08267912772585659
13 0.6648920086393089 0.8685981308411215 0.007300215982721454 0.08175233644859797
13 0.6187365010799136 0.6391433021806854 0.018034557235421134 0.011144859813084069
13 0.6517962562994961 0.6368146417445483 0.01717422606191506 0.01207943925233644
1 0.500010799136069 0.8774221183800622 0.010734341252699843 0.038091900311526365
1 0.5139668826493881 0.8764953271028038 0.009445644348452045 0.03994548286604359
1 0.5281353491720663 0.8783566978193146 0.010305975521958282 0.04180685358255439
1 0.5418754499640028 0.8774221183800622 0.011162706983441403 0.038091900311526365
1 0.5562598992080633 0.8783566978193146 0.009874010079193606 0.038091900311526365
1 0.5998416126709862 0.8718535825545172 0.015457163426925866 0.025085669781931493
10 0.5938300935925126 0.7352881619937695 0.009445644348452045 0.01393302180685366
10 0.46050755939524834 0.7352881619937695 0.00815694744420441 0.019509345794392487
3 0.5493916486681065 0.8049610591900311 0.009017278617710648 0.017647975077881597
14 0.5568250539956803 0.6307632398753894 0.005093592512599025 0.018652647975077916
14 0.5517314614830814 0.631183800623053 0.005093592512599025 0.021191588785046758
14 0.5467350611951044 0.6307632398753894 0.006072714182865331 0.022889408099688553
14 0.6155075593952484 0.7884501557632398 0.006072714182865331 0.013566978193146475
14 0.6211879049676026 0.7884501557632398 0.007249820014398802 0.014415887850467282
14 0.5231281497480201 0.8316900311526481 0.005878329733621284 0.02035046728971971
14 0.5172498200143989 0.8323286604361371 0.005093592512599025 0.02415887850467288
14 0.5113714902807776 0.8327492211838006 0.005093592512599025 0.02415887850467288
14 0.6762886969042476 0.8050623052959502 0.006324694024478101 0.014984423676012291
14 0.6701151907847372 0.8031074766355141 0.006022318214542843 0.012383177570093528
2 0.6620338372930166 0.6733333333333333 0.007818574514038805 0.013403426791277286
2 0.6697804175665947 0.6734890965732088 0.007966162706983481 0.013084112149532675
4 0.6436717062634989 0.7309345794392523 0.01002879769618435 0.012445482866043628
4 0.530561555075594 0.8515576323987539 0.010784737221022331 0.015965732087227413
16 0.47709863210943126 0.5851246105919002 0.006749460043196544 0.01738317757009341
16 0.46649388048956086 0.7975467289719625 0.01124910007199424 0.02085669781931471
16 0.468581713462923 0.66196261682243 0.010284377249820073 0.02085669781931462
16 0.4296940244780418 0.8159735202492212 0.009640028797696256 0.018777258566978292
16 0.3728077753779698 0.8156308411214953 0.007069834413246895 0.016690031152647847
16 0.3636501079913607 0.8156308411214953 0.00867890568754496 0.020856697819314797
16 0.23559755219582434 0.811830218068536 0.009982001439884815 0.01754672897196277
16 0.134434845212383 0.6192757009345794 0.008524118070554337 0.016643302180685274
16 0.1348488120950324 0.5997040498442368 0.007278617710583163 0.018894080996884728
16 0.17300575953923686 0.6010591900311526 0.007901367890568771 0.018894080996884728
16 0.21397048236141109 0.26138629283489095 0.008318934485241144 0.010794392523364497
16 0.23913246940244778 0.2818613707165109 0.007901367890568771 0.017546728971962595
14 0.2605507559395248 0.1691588785046729 0.007069834413246976 0.012593457943925246
14 0.21521958243340533 0.17118380062305297 0.006655867530597556 0.01574766355140189
14 0.17207343412526996 0.16983644859813082 0.005615550755939533 0.013948598130841141
14 0.16479481641468682 0.1765809968847352 0.004366450683945282 0.01664330218068536
14 0.1704067674586033 0.34529595015576325 0.006447084233261327 0.013948598130841096
14 0.1703023758099352 0.7940576323987539 0.0070698344132469355 0.014400311526479758
14 0.2434989200863931 0.8145327102803738 0.005820734341252726 0.016643302180685274
2 0.43137508999280055 0.7076791277258567 0.008941684665226834 0.023395638629283462
2 0.26163786897048236 0.3868691588785047 0.008556515478761692 0.022788161993769464
2 0.25264218862491 0.3861604361370716 0.008117350611951027 0.02895638629283485
2 0.1727537796976242 0.5654283489096573 0.007368610511159117 0.02151869158878513
4 0.15709863210943126 0.3267445482866044 0.010680345572354196 0.019127725856697777
4 0.18048956083513318 0.4913084112149533 0.010313174946004332 0.013551401869158949
4 0.1600467962562995 0.6371495327102804 0.010680345572354196 0.0167367601246106
4 0.1523110151187905 0.7291978193146417 0.01215622750179985 0.015942367601246128
4 0.1554427645788337 0.8483411214953271 0.009575233981281506 0.019922118380062248
4 0.2832577393808495 0.8535202492211839 0.011051115910727159 0.012749221183800539
4 0.26392008639308856 0.7299922118380062 0.010680345572354238 0.012749221183800539
4 0.37368610511159106 0.7311915887850468 0.01215622750179985 0.015140186915887893
17 0.646223902087833 0.8610514018691589 0.007476601871850245 0.019026479750778688
17 0.645565154787617 0.8805529595015578 0.010554355651547935 0.01997663551401876
17 0.646223902087833 0.8995872274143302 0.010115190784737188 0.02188473520249214