1 0.6206971514242878 0.42149333333333333 0.0132833583208396 0.0406266666666667
1 0.6197976011994003 0.31976 0.013575712143927962 0.042039999999999966
1 0.6582683658170915 0.31976 0.013073463268365858 0.04025333333333333
1 0.6200449775112443 0.21914666666666668 0.014077961019490234 0.04650666666666666
1 0.657511244377811 0.2178 0.014580209895052508 0.043826666666666673
1 0.6197976011994003 0.15205333333333335 0.012571214392803584 0.04293333333333336
1 0.6587706146926536 0.14937333333333333 0.014077961019490234 0.03936000000000001
1 0.6582683658170915 0.04785333333333333 0.014077961019490234 0.043826666666666673
1 0.6200449775112443 0.0474 0.013073463268365858 0.04293333333333334
1 0.4857796101949025 0.0474 0.014077961019490234 0.041146666666666665
1 0.5149475262368816 0.04785333333333333 0.014077961019490234 0.043826666666666673
1 0.4860344827586207 0.14892 0.013575712143927962 0.043826666666666673
1 0.5144452773613193 0.14848 0.014077961019490234 0.041146666666666644
1 0.5717691154422788 0.14937333333333333 0.013073463268365858 0.041146666666666686
1 0.4855247376311844 0.21645333333333333 0.012571214392803584 0.042933333333333316
1 0.5141904047976011 0.21690666666666666 0.013575712143927962 0.04025333333333333
1 0.5720239880059971 0.2531333333333333 0.012571214392803584 0.041146666666666686
1 0.5722713643178411 0.35286666666666666 0.013073463268365858 0.043826666666666673
1 0.4860344827586207 0.32021333333333335 0.012571214392803584 0.04472000000000003
1 0.5146926536731634 0.31932 0.012571214392803584 0.041146666666666686
1 0.4865367316341829 0.42173333333333335 0.013575712143927962 0.04561333333333338
1 0.5149475262368816 0.4203866666666667 0.013073463268365858 0.03935999999999998
1 0.5717691154422788 0.4539333333333333 0.014077961019490234 0.042039999999999966
1 0.5727736131934034 0.5576933333333333 0.013073463268365858 0.042039999999999966
1 0.4860344827586207 0.5223599999999999 0.012571214392803584 0.04293333333333339
1 0.5149475262368816 0.5232533333333333 0.013073463268365858 0.044719999999999954
1 0.6202998500749626 0.42128 0.011566716641679207 0.044719999999999954
1 0.657511244377811 0.42218666666666665 0.012571214392803584 0.041146666666666686
1 0.6587706146926536 0.5228133333333334 0.014077961019490234 0.043826666666666673
1 0.6200449775112443 0.5237066666666667 0.012068965517241311 0.043826666666666673
1 0.6582683658170915 0.6243333333333333 0.013073463268365858 0.03935999999999998
1 0.6197976011994003 0.6252266666666667 0.013575712143927962 0.041146666666666686
1 0.5725262368815592 0.65832 0.012571214392803584 0.041146666666666686
1 0.515952023988006 0.5921333333333334 0.013073463268365858 0.044719999999999954
1 0.4860344827586207 0.5903333333333334 0.011566716641679207 0.03935999999999998
1 0.4857796101949025 0.6931999999999999 0.013073463268365858 0.03935999999999998
1 0.5146926536731634 0.6936533333333333 0.011566716641679207 0.042039999999999966
1 0.6187931034482759 0.7267466666666665 0.013575712143927962 0.04382666666666652
1 0.657511244377811 0.7271866666666666 0.014580209895052508 0.04114666666666653
1 0.6200449775112443 0.8287066666666666 0.013073463268365858 0.042039999999999966
1 0.6487106446776612 0.8300533333333333 0.013073463268365858 0.04293333333333339
1 0.5725262368815592 0.8626933333333333 0.014580209895052508 0.042039999999999966
1 0.5720239880059971 0.7602800000000001 0.013575712143927962 0.046506666666666814
1 0.5255097451274363 0.7643066666666667 0.015089955022488838 0.04739999999999994
1 0.4769790104947526 0.7616266666666667 0.014580209895052508 0.040253333333333405
1 0.5051424287856072 0.82916 0.014580209895052508 0.04114666666666653
1 0.5244977511244377 0.8640399999999999 0.012068965517241311 0.04293333333333339
1 0.4676761619190405 0.8313866666666666 0.016094452773613214 0.04382666666666652
1 0.4475637181409295 0.86136 0.012068965517241311 0.04293333333333339
1 0.4764767616191904 0.75984 0.012571214392803584 0.040253333333333405
1 0.43818590704647675 0.65904 0.011499250374812532 0.039480000000000015
1 0.4387181409295352 0.7275333333333333 0.01203148425787103 0.038533333333333454
1 0.390712143928036 0.7263466666666667 0.011769115442278894 0.039
1 0.4376461769115443 0.65808 0.01203148425787103 0.0385333333333333
1 0.4407271364317841 0.5919733333333334 0.011769115442278894 0.039480000000000015
1 0.4195952023988006 0.55748 0.01283358320839572 0.0409066666666666
1 0.39057721139430285 0.65832 0.01203148425787103 0.039
1 0.39125187406296846 0.7258666666666667 0.012301349325337392 0.04090666666666675
1 0.34351574212893554 0.7268266666666666 0.01203148425787103 0.04090666666666675
1 0.3436431784107946 0.6588 0.012833583208395805 0.038053333333333286
1 0.34351574212893554 0.55724 0.012571214392803584 0.0385333333333333
1 0.3138305847076462 0.4892266666666667 0.01203148425787103 0.039480000000000015
1 0.2853448275862069 0.4892266666666667 0.012301349325337307 0.040426666666666736
1 0.19950524737631184 0.4892266666666667 0.012301349325337307 0.039480000000000015
1 0.16112443778110944 0.4894666666666667 0.012031484257871074 0.039
1 0.16098950524737632 0.5912533333333333 0.01230134932533735 0.038053333333333286
1 0.1987031484257871 0.5900666666666666 0.012301349325337307 0.0385333333333333
1 0.24763868065967018 0.52324 0.012833583208395805 0.038053333333333286
1 0.24724137931034482 0.6252666666666666 0.012571214392803584 0.0385333333333333
1 0.2762518740629685 0.65928 0.012301349325337307 0.039
1 0.30419790104947525 0.6252666666666666 0.013103448275862083 0.0385333333333333
1 0.19950524737631184 0.6923333333333334 0.012301349325337307 0.039479999999999946
1 0.1607271364317841 0.6918533333333333 0.01230134932533735 0.039479999999999946
1 0.24763868065967018 0.7261066666666667 0.012833583208395805 0.03947999999999987
1 0.2097976011994003 0.79484 0.012571214392803584 0.04090666666666675
1 0.1803823088455772 0.7965066666666667 0.012571214392803584 0.03947999999999987
1 0.23787856071964017 0.8628666666666667 0.01203148425787103 0.038053333333333286
1 0.2568665667166417 0.8293200000000001 0.011499250374812617 0.03947999999999987
1 0.27585457271364316 0.8628666666666667 0.01203148425787103 0.038053333333333286
1 0.30446776611694154 0.8630933333333334 0.01203148425787103 0.038533333333333454
1 0.3237256371814093 0.83004 0.012571214392803584 0.04090666666666675
1 0.3436431784107946 0.8635733333333333 0.012301349325337307 0.03947999999999987
1 0.29590704647676164 0.7605866666666667 0.012571214392803584 0.03996000000000004
1 0.4191904047976012 0.8642266666666666 0.012676161919040542 0.04149333333333319
1 0.4006746626686657 0.8313066666666666 0.0131859070464767 0.04060000000000006
1 0.3808995502248876 0.86332 0.012173913043478268 0.04149333333333319