1 0.18934485241180707 0.43146417445482865 0.014758819294456443 0.017133956386292833
1 0.1355291576673866 0.1542056074766355 0.014758819294456443 0.017133956386292833
1 0.17620590352771778 0.13862928348909656 0.01511879049676026 0.01791277258566978
1 0.21652267818574514 0.13862928348909656 0.014758819294456443 0.01791277258566978
1 0.18934485241180707 0.3582554517133956 0.014758819294456443 0.017133956386292833
1 0.16234701223902087 0.21261682242990654 0.014758819294456443 0.017133956386292833
1 0.10835133189344852 0.25661993769470404 0.014758819294456443 0.017133956386292833
1 0.20302375809935205 0.21261682242990654 0.014758819294456443 0.01791277258566978
1 0.10853131749460043 0.4750778816199377 0.01511879049676026 0.01791277258566978
1 0.20302375809935205 0.3002336448598131 0.014758819294456443 0.01791277258566978
1 0.10853131749460043 0.2998442367601246 0.014758819294456443 0.01791277258566978
1 0.12203023758099352 0.44665109034267914 0.014758819294456443 0.017133956386292833
1 0.10835133189344852 0.19781931464174454 0.014758819294456443 0.017133956386292833
1 0.12221022318214543 0.22702492211838007 0.014758819294456443 0.017133956386292833
1 0.1351691864650828 0.10903426791277258 0.01511879049676026 0.01791277258566978
1 0.16234701223902087 0.3582554517133956 0.014758819294456443 0.017133956386292833
1 0.10835133189344852 0.4166666666666667 0.014758819294456443 0.01791277258566978
1 0.16234701223902087 0.43146417445482865 0.014758819294456443 0.01791277258566978
1 0.18934485241180707 0.2562305295950156 0.01511879049676026 0.017133956386292833
1 0.21634269258459324 0.08099688473520249 0.01511879049676026 0.01791277258566978
1 0.17620590352771778 0.08021806853582554 0.01511879049676026 0.01791277258566978
1 0.12221022318214543 0.32904984423676015 0.014398848092152628 0.01791277258566978
1 0.10835133189344852 0.35864485981308414 0.014758819294456443 0.01791277258566978
9 0.1490280777537797 0.286214953271028 0.014398848092152628 0.017133956386292833
1 0.22642188624910006 0.47546728971962615 0.007919366450683946 0.01791277258566978
1 0.2568394528437725 0.3146417445482866 0.014398848092152628 0.017133956386292833
1 0.2570194384449244 0.139797507788162 0.01511879049676026 0.01791277258566978
1 0.2570194384449244 0.2706386292834891 0.014758819294456443 0.017133956386292833
1 0.2570194384449244 0.08138629283489096 0.014758819294456443 0.01791277258566978
9 0.22948524118070554 0.3582554517133956 0.014748020158387339 0.017133956386292833
9 0.2435205183585313 0.21261682242990654 0.014758819294456443 0.017133956386292833
1 0.2339812814974802 0.4750778816199377 0.007199424046076314 0.017133956386292833
1 0.18952483801295897 0.5062305295950156 0.01511879049676026 0.01557632398753894
1 0.1488480921526278 0.5630841121495327 0.014758819294456443 0.017133956386292833
1 0.16234701223902087 0.5058411214953271 0.014758819294456443 0.014797507788161994
1 0.20266378689704823 0.7819314641744548 0.014758819294456443 0.01791277258566978
1 0.1627069834413247 0.7823208722741433 0.014758819294456443 0.017133956386292833
1 0.21670266378689704 0.6214953271028038 0.01511879049676026 0.01791277258566978
1 0.1490280777537797 0.6355140186915887 0.014758819294456443 0.01791277258566978
1 0.10835133189344852 0.5190809968847352 0.014758819294456443 0.01791277258566978
1 0.1216702663786897 0.5490654205607477 0.014758819294456443 0.017133956386292833
1 0.12203023758099352 0.6066978193146417 0.014758819294456443 0.017133956386292833
1 0.21616270698344134 0.508177570093458 0.014758819294456443 0.017133956386292833
1 0.17602591792656588 0.6211059190031153 0.014758819294456443 0.017133956386292833
1 0.21616270698344134 0.5774922118380063 0.014758819294456443 0.01791277258566978
1 0.17602591792656588 0.5774922118380063 0.014758819294456443 0.01791277258566978
1 0.10835133189344852 0.6359034267912772 0.014758819294456443 0.01791277258566978
1 0.12203023758099352 0.8255451713395638 0.014758819294456443 0.017133956386292833
1 0.10835133189344852 0.7091121495327103 0.014758819294456443 0.017133956386292833
1 0.20266378689704823 0.8407320872274143 0.014758819294456443 0.017133956386292833
9 0.1490280777537797 0.7091121495327103 0.014398848092152628 0.017133956386292833
1 0.18934485241180707 0.7091121495327103 0.014758819294456443 0.01791277258566978
1 0.1627069834413247 0.8403426791277259 0.014758819294456443 0.017133956386292833
1 0.12185025197984162 0.7823208722741433 0.014758819294456443 0.017133956386292833
1 0.4326853851691865 0.6214953271028038 0.015478761699064075 0.01791277258566978
1 0.365190784737221 0.6214953271028038 0.014398848092152628 0.017133956386292833
1 0.32451403887688984 0.6214953271028038 0.014758819294456443 0.017133956386292833
1 0.3650107991360691 0.5774922118380063 0.014398848092152628 0.017133956386292833
1 0.2841972642188625 0.6214953271028038 0.014758819294456443 0.017133956386292833
1 0.4321454283657307 0.8411214953271028 0.014758819294456443 0.01791277258566978
1 0.3648308135349172 0.7819314641744548 0.014758819294456443 0.017133956386292833
1 0.32433405327573794 0.5774922118380063 0.014758819294456443 0.01791277258566978
1 0.2435205183585313 0.6214953271028038 0.014758819294456443 0.01791277258566978
1 0.2840172786177106 0.5774922118380063 0.014758819294456443 0.017133956386292833
1 0.4323254139668827 0.5774922118380063 0.014758819294456443 0.01791277258566978
1 0.39182865370770337 0.5778816199376947 0.014758819294456443 0.01791277258566978
1 0.32433405327573794 0.7819314641744548 0.014758819294456443 0.017133956386292833
1 0.4323254139668827 0.7827102803738317 0.014758819294456443 0.017133956386292833
1 0.39182865370770337 0.7827102803738317 0.01511879049676026 0.017133956386292833
1 0.39200863930885527 0.6214953271028038 0.01511879049676026 0.01791277258566978
1 0.2435205183585313 0.5774922118380063 0.014758819294456443 0.01791277258566978
1 0.39182865370770337 0.8415109034267912 0.01511879049676026 0.01791277258566978
1 0.2435205183585313 0.8403426791277259 0.014398848092152628 0.017133956386292833
1 0.2433405327573794 0.7819314641744548 0.015478761699064075 0.017133956386292833
1 0.32433405327573794 0.8403426791277259 0.01511879049676026 0.017133956386292833
1 0.3513318934485241 0.7095015576323987 0.014758819294456443 0.017133956386292833
1 0.2840172786177106 0.7830996884735203 0.014758819294456443 0.01791277258566978
1 0.3650107991360691 0.8403426791277259 0.014758819294456443 0.017133956386292833
1 0.31101511879049676 0.7087227414330218 0.014758819294456443 0.01791277258566978
1 0.2840172786177106 0.8403426791277259 0.014758819294456443 0.01791277258566978
9 0.2703383729301656 0.7087227414330218 0.014398848092152628 0.01791277258566978
1 0.22966522678185744 0.7087227414330218 0.015107991360691155 0.017133956386292833
9 0.39200863930885527 0.7087227414330218 0.014758819294456443 0.017133956386292833
3 0.463585313174946 0.6911604361370717 0.009244060475161927 0.017827102803738396
3 0.463585313174946 0.7409267912772586 0.009244060475161927 0.020007788161993813
1 0.568394528437725 0.8271028037383178 0.01511879049676026 0.01791277258566978
1 0.6222102231821455 0.7239096573208723 0.01511879049676026 0.01791277258566978
1 0.5955723542116631 0.6647196261682243 0.014758819294456443 0.01791277258566978
9 0.595752339812815 0.7239096573208723 0.014758819294456443 0.01791277258566978
9 0.6223902087832973 0.6654984423676013 0.014398848092152628 0.01791277258566978
3 0.5629481641468682 0.6457398753894081 0.00790136789056869 0.01218068535825553
3 0.5621382289416846 0.59952492211838 0.011331893448524125 0.011207165109034346
3 0.5376961843052556 0.59952492211838 0.0077681785457163165 0.012609034267912815
3 0.538020158387329 0.6457554517133957 0.0077681785457163165 0.012609034267912815
3 0.5378041756659467 0.6961059190031152 0.008200143988480993 0.010514018691588784
3 0.5379553635709143 0.7452180685358255 0.007591792656587526 0.01018691588785041
3 0.5634665226781858 0.7447196261682243 0.007591792656587526 0.00985202492211845
3 0.46428005759539237 0.6462383177570094 0.0077681785457163165 0.010996884735202408
3 0.46406767458603315 0.5993380062305296 0.00790856731461476 0.011308411214953257
3 0.4651259899208063 0.5611448598130842 0.0094636429085673 0.010693146417445497
10 0.43695464362850966 0.6955841121495328 0.00790856731461476 0.013138629283489012
10 0.5631389488840893 0.6955841121495328 0.0077681785457163165 0.011915887850467254
3 0.5207271418286537 0.7626869158878504 0.00710943124550036 0.011331775700934544
3 0.5109071274298056 0.7626869158878504 0.006922246220302382 0.011331775700934544
3 0.5003347732181426 0.7626869158878504 0.00710943124550036 0.011331775700934544
3 0.49060475161987044 0.7626869158878504 0.007483801295896315 0.011331775700934544
3 0.4802195824334053 0.7618769470404985 0.007296616270698338 0.011331775700934544
3 0.4666522678185745 0.9001246105919003 0.00710943124550036 0.013356697819314712
3 0.4780669546436285 0.9122663551401868 0.00710943124550036 0.012546728971962715
3 0.49359611231101513 0.9207710280373832 0.006360691144708449 0.010116822429906372
3 0.5091288696904247 0.9211760124610592 0.0067350611951044045 0.01173676012461072
3 0.5243772498200144 0.9120638629283488 0.006547876169906427 0.01133177570093472
3 0.5359791216702664 0.9003271028037383 0.006922246220302382 0.012141744548286718
4 0.6222354211663067 0.8108644859813084 0.009542836573074233 0.01133177570093472
4 0.6104499640028798 0.6938707165109034 0.009542836573074233 0.012951713395638715
4 0.5021994240460763 0.8075155763239875 0.010417566594672446 0.010358255451713537
13 0.6035709143268538 0.8267056074766356 0.004787616990640814 0.07919781931464179
13 0.6308819294456444 0.8257943925233644 0.006475881929445566 0.08102803738317754
13 0.61849532037437 0.6040342679127726 0.01661267098632113 0.01279595015576329
13 0.5861123110151188 0.6034267912772585 0.015485961123110145 0.011573208722741354
2 0.627645788336933 0.6378504672897196 0.007883369330453596 0.013403426791277286
2 0.6355291576673866 0.6387616822429906 0.009010079193664578 0.014010903426791285
14 0.6362059035277178 0.7628504672897196 0.005287976961843072 0.011440809968847394
14 0.641313894888409 0.7632476635514018 0.005025197984161281 0.011822429906542106
14 0.5889272858171346 0.7483566978193146 0.005791936645068447 0.009929906542056074
14 0.583574514038877 0.7476479750778816 0.005572354211663073 0.01134735202492207
14 0.5184593232541397 0.5956619937694705 0.00513318934485249 0.011822429906542106
14 0.5233189344852411 0.595303738317757 0.004805615550755907 0.012531152647975014
14 0.5282901367890569 0.5950700934579439 0.00491720662347007 0.013473520249221148
16 0.5722822174226062 0.7785591900311526 0.008149748020158342 0.01763239875389416
17 0.6126565874730022 0.8174221183800623 0.007408207343412501 0.018434579439252394
17 0.6128401727861771 0.8356542056074766 0.007408207343412501 0.018029595015576393
17 0.6127465802735781 0.854291277258567 0.00722462203023764 0.018434579439252394
1 0.5282037437005039 0.8332554517133957 0.011112311015118751 0.03405763239875391
1 0.5146832253419726 0.8330529595015577 0.011112311015118751 0.033660436137071495
1 0.5011627069834413 0.8332554517133957 0.011112311015118751 0.03485981308411232
1 0.48791936645068396 0.83345015576324 0.011295896328293776 0.0344626168224299
1 0.47421526277897763 0.833855140186916 0.011666666666666613 0.0344626168224299
14 0.49542116630669547 0.7897741433021808 0.005554355651547817 0.019236760124610626
14 0.4899568034557235 0.7897741433021808 0.004999999999999954 0.021635514018691567
14 0.48505039596832256 0.7903816199376947 0.004816414686825093 0.0204361370716511
16 0.44124910007199425 0.7551168224299066 0.008333333333333366 0.01642523364485975
16 0.406893448524118 0.7751479750778816 0.007778977681785503 0.01563084112149528
16 0.44393448524118073 0.6274922118380063 0.0062958963282936575 0.018434579439252394
16 0.4521742260619151 0.5523598130841122 0.006112311015118797 0.018029595015576393
16 0.35327573794096473 0.7735514018691589 0.007224622030237558 0.01642523364485975
16 0.3448488120950324 0.7735514018691589 0.00629589632829374 0.017227414330217985
16 0.22305255579553634 0.7711604361370716 0.007282217422606198 0.02035046728971971
16 0.12715622750179986 0.5889563862928349 0.008498920086393094 0.01838785046728964
16 0.1265478761699064 0.5689252336448598 0.008498920086393094 0.016417445482865986
16 0.1635745140388769 0.5692601246105918 0.007890568754499625 0.015755451713395652
16 0.22714902807775378 0.26657320872274143 0.006979841612671022 0.018387850467289732
16 0.20272138228941683 0.24621495327102802 0.007890568754499666 0.011814641744548255
2 0.24778617710583153 0.36735981308411214 0.00880129589632831 0.01904205607476639
2 0.23963642908567315 0.36670560747663555 0.007962562994960364 0.022087227414330227
14 0.16111951043916486 0.327601246105919 0.005716342692584591 0.011931464174454868
2 0.4066774658027358 0.6730996884735202 0.008779697624190019 0.018995327102803817
2 0.16306335493160548 0.5371806853582555 0.00965802735781139 0.020895638629283432
14 0.15596112311015117 0.16901869158878505 0.004546436285097191 0.01352024922118381
14 0.1619258459323254 0.1601090342679128 0.005115190784737234 0.014135514018691571
14 0.2035457163426926 0.15980529595015577 0.004830813534917233 0.014750778816199375
14 0.24643988480921528 0.1601090342679128 0.005395968322534201 0.01536604361370718
4 0.26121310295176386 0.10817757009345795 0.009373650107991347 0.014750778816199375
4 0.22087473002159827 0.10786604361370716 0.010511159107271434 0.011674454828660443
4 0.1796796256299496 0.10633177570093458 0.010511159107271434 0.011066978193146402
4 0.13763858891288697 0.1321417445482866 0.010511159107271434 0.011066978193146402
4 0.22016198704103673 0.21388629283489097 0.010226781857451434 0.012289719626168203
4 0.14871490280777538 0.30669781931464174 0.010511159107271434 0.012289719626168203
4 0.21149748020158385 0.3561760124610592 0.010511159107271434 0.012904984423676052
4 0.17030597552195825 0.4643457943925234 0.009942404607631392 0.010451713395638686
4 0.15084593232541396 0.6017133956386294 0.010795536357091436 0.012289719626168203
4 0.14345932325413965 0.6932943925233646 0.010795536357091436 0.011066978193146447
4 0.24942404607631388 0.6936059190031153 0.010795536357091436 0.01536604361370718
4 0.1464434845212383 0.8054672897196262 0.009942404607631392 0.01290498442367614
4 0.2680309575233981 0.8088473520249221 0.010511159107271434 0.01228971962616838
14 0.16113390928725702 0.7533255451713395 0.005154787616990659 0.013777258566978236
14 0.2301043916486681 0.7723520249221184 0.0048524118070554425 0.015085669781931378
13 0.4999280057595392 0.6592056074766355 0.02304175665946732 0.01705607476635521
13 0.5005327573794096 0.6067289719626168 0.02364650827933767 0.014431464174454808