11 0.7109375 0.40575396825396826 0.008680555555555556 0.011574074074074073
1 0.1878720238095238 0.6139219576719577 0.020337301587301588 0.02546296296296296
1 0.24268353174603174 0.6117724867724867 0.020089285714285716 0.02546296296296296
1 0.1878720238095238 0.5438161375661376 0.02058531746031746 0.02513227513227513
1 0.18774801587301587 0.45171957671957674 0.020337301587301588 0.026124338624338623
1 0.3294890873015873 0.6068121693121693 0.019097222222222224 0.02447089947089947
1 0.41220238095238093 0.6026785714285714 0.01711309523809524 0.023809523809523808
1 0.5704365079365079 0.5990410052910053 0.01636904761904762 0.023809523809523808
1 0.4915674603174603 0.6015211640211641 0.017857142857142856 0.02414021164021164
1 0.5687003968253969 0.47238756613756616 0.01636904761904762 0.023478835978835978
11 0.5394345238095238 0.5367063492063492 0.00992063492063492 0.015542328042328041
1 0.7723214285714286 0.4470899470899471 0.01636904761904762 0.02414021164021164
11 0.8029513888888888 0.5319113756613757 0.009424603174603174 0.015542328042328041
1 0.8346974206349206 0.5932539682539683 0.016865079365079364 0.023809523809523808
1 0.8317212301587301 0.447255291005291 0.017361111111111112 0.022817460317460316
1 0.24268353174603174 0.6802248677248677 0.020089285714285716 0.02513227513227513
1 0.18799603174603174 0.683531746031746 0.021081349206349208 0.026124338624338623
1 0.32961309523809523 0.6731150793650794 0.018849206349206348 0.02414021164021164
1 0.4124503968253968 0.6676587301587301 0.017361111111111112 0.023478835978835978
1 0.5711805555555556 0.6635251322751323 0.016865079365079364 0.023478835978835978
1 0.49231150793650796 0.6666666666666666 0.018353174603174604 0.02414021164021164
1 0.8360615079365079 0.6559193121693122 0.01711309523809524 0.02414021164021164
0 0.1891641865079365 0.3629960317460318 0.020771329365079364 0.029672619047619055
0 0.29487103174603174 0.4525066137566138 0.02447916666666662 0.02868386243386236
0 0.29635664682539686 0.5420205026455026 0.021512896825396772 0.029672619047619055
0 0.3946453373015873 0.45448743386243384 0.020771329365079364 0.02670634920634928
0 0.49071180555555555 0.4525066137566138 0.022996031746031695 0.02868386243386236
0 0.49293650793650795 0.5375694444444444 0.021512896825396772 0.02670634920634928
0 0.5682316468253968 0.4722883597883598 0.019288194444444552 0.02868386243386236
0 0.631656746031746 0.4510251322751323 0.012611607142857233 0.017804232804232854
3 0.6327703373015873 0.49157738095238096 0.011870039682539602 0.017804232804232854
3 0.6331398809523809 0.5345171957671958 0.011128472222222196 0.018792989417989393
3 0.6802455357142857 0.4910813492063492 0.014836309523809451 0.020770502645502627
3 0.7295758928571429 0.4900925925925926 0.014094742063492045 0.018792989417989393
3 0.7303174603174603 0.533614417989418 0.012611607142857233 0.02274801587301586
3 0.728092757936508 0.4475628306878307 0.014094742063492045 0.02274801587301586
3 0.7345882936507937 0.6073181216931217 0.013918650793650766 0.015360449735449675
3 0.6918700396825397 0.6089153439153439 0.013918650793650766 0.017278439153439153
3 0.6472346230158731 0.6092361111111111 0.014878472222222168 0.0204794973544973
3 0.6493948412698413 0.6556316137566138 0.011520337301587257 0.015998677248677286
3 0.6925892857142857 0.6556316137566138 0.011520337301587257 0.018558201058201024
3 0.7341071428571428 0.6553141534391534 0.009119543650793758 0.016640211640211695
3 0.7655456349206349 0.6844312169312169 0.010558035714285641 0.014718915343915416
3 0.7641046626984127 0.6409126984126984 0.010558035714285641 0.017278439153439153
3 0.762904265873016 0.5989980158730158 0.01007936507936516 0.01791997354497356
10 0.6803521825396825 0.4470072751322751 0.013918650793650766 0.015998677248677286
10 0.6822718253968254 0.5327612433862433 0.011039186507936562 0.017278439153439153
8 0.5845982142857142 0.5369212962962964 0.01823908730158729 0.025598544973544926
8 0.3962127976190476 0.5401223544973545 0.0206374007936508 0.028158068783068813
8 0.29493799603174603 0.36541335978835976 0.022559523809523818 0.03071759259259255
11 0.33083333333333337 0.36935846560846564 0.01631944444444449 0.018558201058201024
17 0.7994692460317461 0.45908068783068784 0.01777777777777785 0.023005952380952436
17 0.798685515873016 0.4193419312169312 0.016207837301587393 0.021610449735449705
8 0.7741815476190477 0.5323115079365079 0.020644841269841216 0.025099206349206378
0 0.833062996031746 0.5323148148148148 0.022078373015873124 0.03041666666666667