0 0.4556051587301587 0.16815476190476192 0.02058531746031746 0.027116402116402115
0 0.5267857142857143 0.1714616402116402 0.018105158730158732 0.026785714285714284
0 0.45610119047619047 0.2163128306878307 0.020833333333333332 0.028680555555555563
0 0.597594246031746 0.3402777777777778 0.018849206349206348 0.026455026455026454
0 0.5980902777777778 0.41087962962962965 0.018849206349206348 0.02414021164021164
0 0.49330357142857145 0.3637566137566138 0.019593253968253968 0.026124338624338623
0 0.597594246031746 0.2690145502645503 0.018601190476190476 0.026124338624338623
0 0.6490575396825397 0.4105489417989418 0.019097222222222224 0.0248015873015873
0 0.6481894841269841 0.3402777777777778 0.018849206349206348 0.02546296296296296
0 0.6479414682539683 0.26951058201058203 0.018849206349206348 0.026455026455026454
0 0.3912450396825397 0.5575396825396826 0.02058531746031746 0.027116402116402115
0 0.38851686507936506 0.48396164021164023 0.020337301587301588 0.026124338624338623
0 0.312452876984127 0.5613425925925926 0.0243973214285714 0.028108465608465607
11 0.4446924603174603 0.5545634920634921 0.008928571428571428 0.013227513227513227
0 0.46242559523809523 0.6235119047619048 0.017609126984126984 0.022817460317460316
8 0.3110962301587301 0.4849537037037037 0.0241393849206349 0.028439153439153438
0 0.5311259920634921 0.6220238095238095 0.018849206349206348 0.02546296296296296
0 0.599578373015873 0.5734126984126984 0.018849206349206348 0.02546296296296296
0 0.5988343253968254 0.5036375661375662 0.018849206349206348 0.02447089947089947
0 0.5287698412698413 0.4356812169312169 0.019345238095238096 0.02447089947089947
0 0.5298859126984127 0.5282738095238095 0.019097222222222224 0.02513227513227513
0 0.5998263888888888 0.6321097883597884 0.018849206349206348 0.005621693121693121
0 0.6494295634920635 0.5714285714285714 0.018353174603174604 0.0248015873015873
0 0.6493055555555556 0.5028108465608465 0.018601190476190476 0.0248015873015873
0 0.6494295634920635 0.6312830687830688 0.018353174603174604 0.007275132275132275
0 0.3365575396825397 0.6636904761904762 0.021825396825396824 0.028769841269841268
0 0.4117063492063492 0.6554232804232805 0.019345238095238096 0.027777777777777776
0 0.46416170634920634 0.7232142857142857 0.018601190476190476 0.026455026455026454
0 0.4134424603174603 0.7569444444444444 0.019345238095238096 0.027777777777777776
0 0.33903769841269843 0.7703373015873016 0.021577380952380952 0.02943121693121693
0 0.4626736111111111 0.6370701058201058 0.018105158730158732 0.004298941798941799
0 0.6009424603174603 0.7351190476190477 0.017857142857142856 0.02513227513227513
0 0.5998263888888888 0.6450066137566137 0.018601190476190476 0.01984126984126984
0 0.6495535714285714 0.6433531746031746 0.018353174603174604 0.016865079365079364
0 0.6505456349206349 0.7318121693121693 0.018849206349206348 0.0248015873015873
0 0.5978794642857143 0.19949735449735448 0.023350694444444355 0.030314153439153464
0 0.648263888888889 0.19826719576719576 0.022120535714285613 0.02785714285714286
8 0.45993055555555556 0.5309027777777778 0.02519345238095236 0.03277116402116399
8 0.532437996031746 0.7156514550264551 0.0227356150793651 0.03195105820105817
10 0.37851190476190477 0.6644444444444444 0.01843501984126982 0.026216931216931284
10 0.37943452380952386 0.7160615079365079 0.019047619047619094 0.02458002645502643
10 0.38035714285714284 0.7660383597883598 0.01843501984126982 0.02621693121693113
11 0.31307291666666665 0.46290013227513227 0.016589781746031713 0.03113425925925929
8 0.5288938492063492 0.31746031746031744 0.026041666666666668 0.03968253968253968