6 0.19528437724982 0.3181464174454829 0.02411807055435565 0.028037383177570093
6 0.19528437724982 0.3862928348909657 0.02339812814974802 0.027258566978193146
6 0.34701223902087835 0.46532710280373835 0.01259899208063355 0.05143302180685355
6 0.38930885529157666 0.10319314641744548 0.012239020878329733 0.04984423676012461
6 0.27461123110151187 0.17017133956386293 0.012239020878329733 0.048286604361370715
6 0.31533477321814257 0.10358255451713395 0.012239020878329733 0.04984423676012461
6 0.27411807055435566 0.10319314641744548 0.012239020878329733 0.04984423676012461
6 0.38930885529157666 0.17017133956386293 0.012239020878329733 0.048286604361370715
6 0.31533477321814257 0.17017133956386293 0.011879049676025918 0.048286604361370715
5 0.3367530597552196 0.27297507788161995 0.012239020878329733 0.0264797507788162
16 0.519438444924406 0.4322429906542056 0.023758099352051837 0.028037383177570093
16 0.5615550755939525 0.4322429906542056 0.02339812814974802 0.027258566978193146
6 0.6038516918646508 0.4322429906542056 0.02267818574514039 0.027258566978193146
6 0.6873866090712742 0.2733644859813084 0.023452123830093624 0.027258566978193146
16 0.49892008639308855 0.4552180685358255 0.022318214542836574 0.027258566978193146
6 0.7919366450683946 0.2737538940809969 0.022318214542836574 0.028037383177570093
6 0.7708783297336214 0.15926791277258567 0.024478041756659467 0.027258566978193146
6 0.708297336213103 0.15965732087227413 0.02386249100071993 0.027258566978193146
6 0.7921166306695464 0.3633177570093458 0.02267818574514039 0.027258566978193146
6 0.7922966162706984 0.3181464174454829 0.02267818574514039 0.02881619937694704
6 0.68678905687545 0.3181464174454829 0.02383369330453565 0.027258566978193146
6 0.21130309575233983 0.6919781931464174 0.012239020878329733 0.050623052959501556
6 0.18034557235421167 0.5327102803738317 0.012239020878329733 0.04984423676012461
6 0.21130309575233983 0.5334890965732088 0.012239020878329733 0.050623052959501556
6 0.17962562994960404 0.8500778816199377 0.012239020878329733 0.050623052959501556
6 0.18016558675305974 0.6919781931464174 0.012239020878329733 0.0514018691588785
6 0.20572354211663066 0.8383956386292835 0.023038156947444204 0.027258566978193146
6 0.32667386609071275 0.6919781931464174 0.011879049676025918 0.0514018691588785
6 0.29517638588912887 0.7589563862928349 0.012239020878329733 0.04906542056074766
6 0.32685385169186465 0.7589563862928349 0.011879049676025918 0.04984423676012461
6 0.3934485241180706 0.5051090342679128 0.023758099352051837 0.028722741433021892
6 0.29517638588912887 0.692367601246106 0.012239020878329733 0.050623052959501556
6 0.37329013678905687 0.8613707165109035 0.023038156947444204 0.027258566978193146
6 0.43052555795536357 0.8052959501557633 0.012239020878329733 0.04906542056074766
6 0.43070554355651547 0.735981308411215 0.012239020878329733 0.0514018691588785
6 0.4568106551475882 0.5054049844236761 0.023772498200143974 0.02813084112149524
6 0.6399856011519078 0.5179361370716511 0.012958963282937365 0.05090342679127718
6 0.5190784737221023 0.5060903426791278 0.02339812814974802 0.028317757009345718
6 0.6396688264938805 0.6296728971962616 0.013678905687544997 0.05218068535825545
6 0.6396688264938805 0.7655763239875389 0.014038876889848811 0.05218068535825545
6 0.5820302375809936 0.506386292834891 0.023484521238300856 0.027725856697819243
6 0.47318214542836573 0.8052959501557633 0.012239020878329733 0.04906542056074766
6 0.47318214542836573 0.7363707165109035 0.011879049676025918 0.0514018691588785
6 0.7867170626349892 0.5099376947040498 0.01331893448524118 0.05021806853582556
6 0.7553995680345572 0.5099376947040498 0.01331893448524118 0.05021806853582556
6 0.5622930165586753 0.43261682242990657 0.023423326133909347 0.027429906542056095
6 0.535849532037437 0.1033411214953271 0.014290856731461417 0.051074766355140175
6 0.5361051115910727 0.1709968847352025 0.013596112311015112 0.05052959501557632
6 0.5776673866090712 0.10200155763239875 0.014658027357811304 0.05137850467289718
6 0.5196724262059036 0.4328115264797508 0.02377609791216709 0.027468847352024907
5 0.42304535637149027 0.3625623052959501 0.014589632829373722 0.028309968847352044
6 0.5776889848812095 0.17050623052959502 0.014841612670986328 0.0499766355140187
6 0.4738444924406047 0.10254672897196261 0.014550035997120257 0.05166666666666666
6 0.7080957523398128 0.49899532710280375 0.024251259899208025 0.02998442367601246
6 0.6870014398848092 0.36389408099688475 0.02549676025917924 0.028341121495327092
6 0.43073434125269977 0.10380841121495327 0.014391648668106558 0.051954828660436124
6 0.4307307415406767 0.1703816199376947 0.014053275737940952 0.05047507788161994
7 0.6196004319654428 0.31996105919003115 0.007850971922246201 0.011845794392523392
6 0.4994816414686825 0.45435358255451713 0.02406047516198709 0.027757009345794472
11 0.6412562994960403 0.38612149532710277 0.013286537077033785 0.016931464174454836
7 0.619427645788337 0.27401090342679124 0.007491000719942385 0.013060747663551388
5 0.37904607631389486 0.2732398753894081 0.013876889848812161 0.028084112149532756
5 0.3792800575953924 0.45381619937694706 0.014082073434125231 0.028699376947040427
6 0.47300215982721383 0.17112928348909656 0.01359971202303823 0.05161214953271027
6 0.6194456443484521 0.17104361370716512 0.014136069114470835 0.05070872274143303
6 0.6192116630669546 0.10335669781931464 0.013822894168466555 0.053660436137071665
6 0.3054535637149028 0.46524143302180687 0.013405327573794099 0.05327102803738325
5 0.2526745860331173 0.2735202492211838 0.013254139668826471 0.032352024922118354
5 0.2528437724982001 0.4308722741433022 0.012915766738660947 0.032352024922118354
5 0.2531857451403888 0.5444704049844237 0.014272858171346325 0.031619937694703976
5 0.29481641468682507 0.3628582554517134 0.01393448524118072 0.03014797507788165
5 0.29430525557955367 0.2724221183800623 0.012915766738660947 0.03014797507788165
5 0.33712742980561555 0.36322429906542053 0.014272858171346325 0.030880062305295934
5 0.37858891288696905 0.3639563862928349 0.014272858171346325 0.032352024922118354
5 0.4202195824334053 0.2735202492211838 0.01393448524118072 0.032352024922118354
5 0.46236141108711304 0.2735202492211838 0.014614830813534884 0.030880062305295934
5 0.49294456443484524 0.2724221183800623 0.012573794096472224 0.025732087227414303
5 0.546130309575234 0.2727881619937695 0.014272858171346325 0.032352024922118354
5 0.5464722822174226 0.3643302180685358 0.014272858171346325 0.03014797507788165
5 0.5038192944564435 0.3628582554517134 0.013254139668826553 0.03014797507788165
5 0.46236141108711304 0.3639563862928349 0.013254139668826553 0.030880062305295934
5 0.43126349892008636 0.4547663551401869 0.014272858171346325 0.031619937694703976
5 0.45182505399568035 0.5904205607476636 0.013254139668826553 0.03088006230529602
5 0.4825809935205183 0.589322429906542 0.011555075593952451 0.025732087227414303
5 0.3993196544276458 0.8617367601246106 0.012915766738660947 0.03088006230529602
5 0.2528437724982001 0.7709345794392524 0.012915766738660947 0.03014797507788165
5 0.2531857451403888 0.6584345794392523 0.012915766738660947 0.03014797507788165
5 0.2531857451403888 0.3639563862928349 0.014272858171346325 0.030880062305295934
5 0.723869690424766 0.15881619937694702 0.013592512598992159 0.030880062305295934
5 0.7454499640028798 0.16028816199376947 0.01393448524118072 0.029408099688473514
5 0.734236861051116 0.31873831775700934 0.01393448524118072 0.031619937694704066
5 0.745280777537797 0.31947819314641746 0.01427285817134616 0.034556074766355145
7 0.723952483801296 0.09192367601246106 0.008250539956803481 0.01785046728971964
7 0.682080633549316 0.13833333333333334 0.00783657307415406 0.019633956386292818
7 0.6820158387329014 0.2054283489096573 0.00783657307415406 0.018738317757009324
7 0.7237437005039596 0.2048208722741433 0.007012239020878336 0.016954828660436124
7 0.7557163426925846 0.20527258566978193 0.0066018718502520325 0.016066978193146415
7 0.797170626349892 0.20527258566978193 0.007012239020878172 0.017850467289719618
7 0.7975845932325414 0.1584190031152648 0.007012239020878172 0.016954828660436124
7 0.7973794096472282 0.11468068535825546 0.0066018718502520325 0.016954828660436124
7 0.7557163426925846 0.09192367601246106 0.0066018718502520325 0.01785046728971964
7 0.6508855291576674 0.27425233644859814 0.007285817134629151 0.016853582554517122
7 0.65113750899928 0.31855919003115263 0.008290136789056948 0.016308411214953314
7 0.6508855291576674 0.36394859813084113 0.006281497480201519 0.01468068535825547
7 0.6193520518358531 0.36422118380062307 0.00753779697624192 0.016308411214953314
7 0.5880705543556516 0.2731619937694704 0.007789776817854525 0.013590342679127761
7 0.5880705543556516 0.31855919003115263 0.006281497480201519 0.01739875389408102
7 0.5881965442764578 0.36394859813084113 0.006533477321814287 0.015763239875389416
7 0.3156263498920086 0.6115576323987539 0.007649388048956083 0.018917445482866016
7 0.2843016558675306 0.6127336448598131 0.006922246220302382 0.016549844236760123
7 0.17957883369330455 0.2726791277258567 0.008012958963282935 0.017336448598130834
7 0.21126709863210943 0.2730685358255452 0.006555075593952497 0.016549844236760123
7 0.21072354211663066 0.3404517133956386 0.006922246220302382 0.014182242990654233
7 0.17957883369330455 0.34084890965732084 0.006555075593952497 0.016549844236760123
7 0.17957883369330455 0.36409657320872274 0.006555075593952497 0.014182242990654233
7 0.2116342692584593 0.3636993769470405 0.007285817134629233 0.014976635514018706
7 0.21126709863210943 0.43068535825545173 0.006555075593952497 0.014976635514018706
7 0.1799424046076314 0.43186915887850463 0.008743700503959671 0.017336448598130834
11 0.6290676745860331 0.5071339563862928 0.009470842332613371 0.02600467289719634
11 0.3779697624190065 0.5059657320872274 0.011069114470842332 0.02300623052959499